BJD - 2454833, Corrected Flux
2749.610854175, 1.004254507,
2749.631286214, 1.004840541,
2749.651718153, 1.004542041,
2749.672150291, 1.004122921,
2749.692582329, 1.004739310,
2749.713014267, 1.004556681,
2749.733446404, 1.004819502,
2749.753878441, 1.004295426,
2749.774310377, 1.004398509,
2749.794742513, 1.004349533,
2749.815174549, 1.004561371,
2749.835606484, 1.004306534,
2749.856038619, 1.004239518,
2749.876470653, 1.004241543,
2749.917334721, 1.004278180,
2749.937766755, 1.004357846,
2749.958198688, 1.004175109,
2749.978630820, 1.004263526,
2749.999062853, 1.004048879,
2750.019494785, 1.003831394,
2750.039926916, 1.003900053,
2750.060358947, 1.004149137,
2750.080790978, 1.003671699,
2750.101223008, 1.003988461,
2750.121655038, 1.004154896,
2750.142087068, 1.003751894,
2750.162519097, 1.003724255,
2750.182951126, 1.004079047,
2750.203383254, 1.003142756,
2750.223815183, 1.003985059,
2750.244247210, 1.003532030,
2750.264679337, 1.004257214,
2750.285111264, 1.003962458,
2750.305543291, 1.004235424,
2750.325975417, 1.003479054,
2750.346407343, 1.003677588,
2750.366839369, 1.003454385,
2750.387271494, 1.003269119,
2750.407703419, 1.003730085,
2750.428135443, 1.003862520,
2750.448567566, 1.003429434,
2750.468999590, 1.004231954,
2750.489431513, 1.003367298,
2750.509863637, 1.003251181,
2750.530295659, 1.003743149,
2750.550727681, 1.003080406,
2750.571159703, 1.003182389,
2750.591591724, 1.003422354,
2750.612023745, 1.003857219,
2750.652887786, 1.003441950,
2750.673319806, 1.003419958,
2750.693751825, 1.003591061,
2750.714183844, 1.003101929,
2750.734615863, 1.003056958,
2750.755047882, 1.003037304,
2750.775479800, 1.003145529,
2750.795911917, 1.002903827,
2750.816343935, 1.003116087,
2750.836775851, 1.003166233,
2750.857207968, 1.003743741,
2750.877639984, 1.003444384,
2750.898072000, 1.002977712,
2750.918504015, 1.002786838,
2750.938936030, 1.003196637,
2750.959368045, 1.002882900,
2750.979800059, 1.002944872,
2751.000232073, 1.002937977,
2751.020664186, 1.002809889,
2751.041096200, 1.003059719,
2751.061528112, 1.002483786,
2751.081960225, 1.002642951,
2751.102392237, 1.002168027,
2751.143256260, 1.002469993,
2751.163688271, 1.002742273,
2751.184120182, 1.012359442,
2751.204552292, 1.002418853,
2751.224984302, 1.002493982,
2751.245416211, 1.002488009,
2751.265848320, 1.002363099,
2751.286280329, 1.001762366,
2751.306712337, 1.002177487,
2751.327144345, 1.002293175,
2751.347576353, 1.002838835,
2751.368008360, 1.002079734,
2751.388440367, 1.002451911,
2751.408872374, 1.002516441,
2751.429304380, 1.002327150,
2751.449736386, 1.001605909,
2751.470168391, 1.002069168,
2751.490600296, 1.001953272,
2751.511032401, 1.002020982,
2751.531464405, 1.001689018,
2751.551896509, 1.001693492,
2751.572328413, 1.001989284,
2751.592760416, 1.002063239,
2751.613192519, 1.001785631,
2751.633624422, 1.001672848,
2751.654056424, 1.001769485,
2751.674488526, 1.001662330,
2751.694920427, 1.001605028,
2751.715352428, 1.002072742,
2751.735784529, 1.002037580,
2751.756216429, 1.001644980,
2751.776648429, 1.002119563,
2751.797080529, 1.002018840,
2751.817512428, 1.001367127,
2751.837944427, 1.001426686,
2751.858376526, 1.001410313,
2751.878808524, 1.001506315,
2751.899240421, 1.001262262,
2751.919672519, 1.001739841,
2751.940104516, 1.001219731,
2751.960536413, 1.001805249,
2751.980968509, 1.001578451,
2752.001400505, 1.001049310,
2752.021832601, 1.001516545,
2752.042264496, 1.001592534,
2752.062696491, 1.001356229,
2752.083128585, 1.001530428,
2752.123992474, 1.001569009,
2752.144424567, 1.001214892,
2752.164856460, 1.000892042,
2752.185288453, 1.001229172,
2752.205720545, 1.001480220,
2752.226152437, 1.001232437,
2752.246584429, 1.001804929,
2752.267016420, 1.000875361,
2752.287448411, 1.001549496,
2752.307880402, 1.000704206,
2752.328312392, 1.000968698,
2752.348744382, 1.000605095,
2752.369176372, 1.000792006,
2752.389608461, 1.001005696,
2752.410040350, 1.000677375,
2752.430472338, 1.000513564,
2752.450904426, 1.001134922,
2752.471336314, 1.000958483,
2752.491768401, 1.000992301,
2752.512200388, 1.000809978,
2752.532632275, 1.000737018,
2752.553064361, 1.000906207,
2752.573496347, 1.001457663,
2752.614360318, 1.000774153,
2752.634792303, 1.000866852,
2752.655224188, 1.001108548,
2752.675656272, 1.000838819,
2752.696088255, 1.000315703,
2752.716520239, 1.000108415,
2752.736952222, 1.000600028,
2752.757384205, 1.000676702,
2752.777816187, 1.000717575,
2752.798248169, 1.000665714,
2752.818680151, 1.000988924,
2752.839112132, 1.000677363,
2752.859544213, 1.000432687,
2752.879976094, 1.000441277,
2752.900408074, 0.999739881,
2752.920840154, 0.999915275,
2752.941272034, 1.000089748,
2752.961704113, 1.000351941,
2752.982135992, 0.999946978,
2753.002567970, 0.999937005,
2753.023000048, 1.000321573,
2753.043431926, 1.000104424,
2753.063863904, 1.000101835,
2753.125159834, 1.000155030,
2753.145591910, 0.999785994,
2753.166023786, 1.000120824,
2753.186455761, 1.000162617,
2753.206887836, 0.999855925,
2753.227319811, 1.000176010,
2753.247751685, 0.999649406,
2753.268183759, 0.999499659,
2753.288615732, 0.999788110,
2753.309047606, 0.999911378,
2753.329479679, 0.999944154,
2753.349911651, 1.000000000,
2753.370343723, 0.999962789,
2753.390775595, 0.999799946,
2753.411207567, 0.999401506,
2753.431639638, 0.999113845,
2753.452071509, 0.999480079,
2753.472503479, 0.999695618,
2753.492935549, 0.999255090,
2753.513367419, 0.999514926,
2753.533799389, 0.999220841,
2753.554231457, 0.999414021,
2753.595095294, 1.000349875,
2753.676823265, 0.999315673,
2753.697255131, 0.999394304,
2753.717687097, 0.999096949,
2753.738119163, 0.999223668,
2753.758551029, 0.998962389,
2753.778982995, 0.998961015,
2753.799415059, 0.997944720,
2753.819846924, 0.998769480,
2753.840278988, 0.999009107,
2753.860710952, 0.998957647,
2753.881142815, 0.998717648,
2753.901574878, 0.998828134,
2753.922006842, 0.999146072,
2753.942438704, 0.999338396,
2753.962870766, 0.998909386,
2753.983302728, 0.998298619,
2754.003734589, 0.998971821,
2754.024166651, 0.998943024,
2754.044598611, 0.998573986,
2754.085462532, 0.998864258,
2754.105894491, 0.999353627,
2754.126326451, 0.998949630,
2754.146758410, 0.998787822,
2754.167190369, 0.998236758,
2754.187622327, 0.998828935,
2754.208054385, 0.999046421,
2754.228486243, 0.998777061,
2754.248918200, 0.998623785,
2754.269350257, 0.998504110,
2754.289782114, 0.998629459,
2754.310214170, 0.998418915,
2754.330646126, 0.998532436,
2754.351077982, 0.998549368,
2754.371510037, 0.998719407,
2754.391941992, 0.998377491,
2754.412373847, 0.998966316,
2754.432805901, 0.998558018,
2754.453237855, 0.998715754,
2754.473669708, 0.998670208,
2754.494101762, 0.998463579,
2754.514533615, 0.997946370,
2754.534965567, 0.998011117,
2754.575829571, 0.998049352,
2754.596261423, 0.997943431,
2754.616693474, 0.998419406,
2754.637125425, 0.997873248,
2754.657557276, 0.997744388,
2754.677989326, 0.998176490,
2754.698421276, 0.997240648,
2754.718853225, 0.998092670,
2754.739285174, 0.998381226,
2754.759717123, 0.998046930,
2754.780149172, 0.999875060,
2754.800581020, 0.997837331,
2754.821012968, 0.997765265,
2754.841445015, 0.997865780,
2754.861876863, 0.997382242,
2754.882308809, 0.997609560,
2754.902740856, 0.997648179,
2754.923172702, 0.998001372,
2754.943604648, 0.998191996,
2754.964036694, 0.998107413,
2754.984468539, 0.997778442,
2755.004900483, 0.997063786,
2755.025332528, 0.997599325,
2755.066196316, 0.997371089,
2755.086628360, 0.997335778,
2755.107060303, 0.997542076,
2755.127492145, 0.997769736,
2755.147924188, 0.997344318,
2755.168356130, 0.997623371,
2755.188788072, 0.997567747,
2755.209220014, 0.997439631,
2755.229651855, 0.997380486,
2755.250083895, 0.997084555,
2755.270515836, 0.997200527,
2755.290947676, 0.997138297,
2755.311379716, 0.997083783,
2755.331811656, 0.997184533,
2755.352243495, 0.996488411,
2755.372675534, 0.997690042,
2755.393107472, 0.996788236,
2755.413539410, 0.996497839,
2755.433971348, 0.996860584,
2755.454403286, 0.997229681,
2755.474835223, 0.996939891,
2755.495267160, 0.996941731,
2755.515699096, 0.996538252,
2755.556562968, 0.996575631,
2755.576994904, 0.996632207,
2755.597426839, 0.995672654,
2755.617858874, 0.996780318,
2755.638290708, 0.996529570,
2755.658722743, 0.996627103,
2755.679154676, 0.996391522,
2755.699586510, 0.996300754,
2755.720018543, 0.996656623,
2755.740450476, 0.996230459,
2755.760882309, 0.996015376,
2755.801746273, 0.996315751,
2755.822178105, 0.996570668,
2755.842610136, 0.996416887,
2755.863042067, 0.996451140,
2755.883473997, 0.996048462,
2755.903905928, 0.996446886,
2755.924337858, 0.996428943,
2755.944769787, 0.996176037,
2755.965201717, 0.996117765,
2755.985633646, 0.996948321,
2756.006065574, 0.996373582,
2756.026497503, 0.996481424,
2756.046929431, 0.996142354,
2756.067361458, 0.996262399,
2756.087793286, 0.996286386,
2756.108225213, 0.995777134,
2756.128657239, 0.995763773,
2756.149089066, 0.996090897,
2756.169520992, 0.995946219,
2756.189953018, 0.996476172,
2756.210384843, 0.996257969,
2756.230816768, 0.995918687,
2756.251248793, 0.996366295,
2756.271680617, 0.996106093,
2756.292112541, 0.995811155,
2756.312544565, 0.995464339,
2756.332976389, 0.995960141,
2756.353408312, 0.995935777,
2756.373840335, 0.995794387,
2756.394272157, 0.996254117,
2756.414704079, 0.995824488,
2756.435136101, 0.995892195,
2756.455568023, 0.995581294,
2756.475999844, 0.995572821,
2756.496431865, 0.995770187,
2756.537295805, 0.995863551,
2756.557727626, 0.995570730,
2756.578159545, 0.996067892,
2756.598591564, 0.995737576,
2756.619023383, 0.995658822,
2756.639455302, 0.995550971,
2756.659887320, 0.995747748,
2756.680319138, 0.995449773,
2756.700751056, 0.995905501,
2756.721182973, 0.995801308,
2756.741614890, 0.996176493,
2756.782478723, 0.995353834,
2770.798702440, 1.018769426,
2770.819134182, 1.018529970,
2770.839566024, 1.019030755,
2770.859997666, 1.019409246,
2770.880429408, 1.019602395,
2770.900861149, 1.020301104,
2770.921292891, 1.020271044,
2770.941724732, 1.020996661,
2770.962156373, 1.021377261,
2770.982588114, 1.020671101,
2771.003019954, 1.021417507,
2771.023451594, 1.022051212,
2771.043883335, 1.021927608,
2771.064315175, 1.022286254,
2771.084746815, 1.022789855,
2771.105178554, 1.023190430,
2771.125610394, 1.023464095,
2771.146042033, 1.023389980,
2771.166473872, 1.023634333,
2771.186905611, 1.023476333,
2771.207337350, 1.024606915,
2771.227769089, 1.024311756,
2771.248200827, 1.024778104,
2771.268632565, 1.024947768,
2771.289064303, 1.025026944,
2771.309496041, 1.025687421,
2771.329927779, 1.025855115,
2771.350359616, 1.026227716,
2771.370791253, 1.026313751,
2771.391222990, 1.026136157,
2771.411654827, 1.026286825,
2771.432086464, 1.026696735,
2771.452518301, 1.027179920,
2771.472950037, 1.027484961,
2771.493381673, 1.027286775,
2771.513813509, 1.027588529,
2771.534245245, 1.028171864,
2771.554676881, 1.027728721,
2771.575108716, 1.027950548,
2771.595540451, 1.028154733,
2771.615972087, 1.028724238,
2771.636403921, 1.028848889,
2771.656835556, 1.029283307,
2771.677267291, 1.028631652,
2771.697699125, 1.029670690,
2771.738562594, 1.029465962,
2771.758994327, 1.029469030,
2771.779426061, 1.030004861,
2771.799857795, 1.029911650,
2771.820289528, 1.030286623,
2771.840721261, 1.030468314,
2771.861153094, 1.030033165,
2771.881584727, 1.030373128,
2771.902016460, 1.030574467,
2771.922448292, 1.030348785,
2771.942879924, 1.030393181,
2771.963311756, 1.030668872,
2771.983743488, 1.031289130,
2772.004175120, 1.031363738,
2772.024606952, 1.031643030,
2772.045038683, 1.031010835,
2772.065470314, 1.031158441,
2772.085902145, 1.032075405,
2772.106333877, 1.031538187,
2772.126765507, 1.031566621,
2772.147197338, 1.032173760,
2772.167629068, 1.031708532,
2772.188060798, 1.032063606,
2772.208492528, 1.032380607,
2772.228924258, 1.032132837,
2772.249356088, 1.032173183,
2772.269787717, 1.032049678,
2772.290219447, 1.032697667,
2772.310651176, 1.031712854,
2772.331082905, 1.031745813,
2772.351514634, 1.032809883,
2772.371946462, 1.032794504,
2772.392378091, 1.032390121,
2772.412809819, 1.032617764,
2772.433241647, 1.033366148,
2772.453673275, 1.033076868,
2772.474105003, 1.033168556,
2772.494536830, 1.033127162,
2772.514968458, 1.032482407,
2772.535400285, 1.032986224,
2772.555832013, 1.033169064,
2772.576263639, 1.033310905,
2772.596695466, 1.033586860,
2772.617127193, 1.033726509,
2772.637558819, 1.033352191,
2772.657990646, 1.032747825,
2772.678422372, 1.033068484,
2772.719285823, 1.033470622,
2772.739717549, 1.033035170,
2772.760149274, 1.034109430,
2772.780581000, 1.033564137,
2772.801012725, 1.033505306,
2772.821444550, 1.033772732,
2772.841876274, 1.033737589,
2772.862307899, 1.033755415,
2772.882739723, 1.034019615,
2772.903171448, 1.033913506,
2772.923603072, 1.033657363,
2772.944034896, 1.033943578,
2772.964466620, 1.033711569,
2772.984898243, 1.034223007,
2773.005330067, 1.034031000,
2773.025761790, 1.033400435,
2773.046193413, 1.034292101,
2773.066625236, 1.033997711,
2773.087056959, 1.033327117,
2773.107488581, 1.034427260,
2773.127920404, 1.033560549,
2773.148352026, 1.035175365,
2773.168783848, 1.033993583,
2773.189215570, 1.033770090,
2773.209647292, 1.033572917,
2773.230079013, 1.033814892,
2773.250510735, 1.033858400,
2773.270942456, 1.034025751,
2773.291374177, 1.034337808,
2773.311805898, 1.034090327,
2773.332237619, 1.033459617,
2773.352669340, 1.034581311,
2773.373101060, 1.033585168,
2773.393532781, 1.034263743,
2773.413964601, 1.033614109,
2773.434396221, 1.034137339,
2773.454828041, 1.033646400,
2773.475259760, 1.033746936,
2773.495691380, 1.033903611,
2773.516123199, 1.033904740,
2773.536554918, 1.033803084,
2773.556986537, 1.033511860,
2773.577418356, 1.033549358,
2773.597850075, 1.034590997,
2773.618281694, 1.033505453,
2773.638713512, 1.034099412,
2773.659145230, 1.034424324,
2773.679576948, 1.034080941,
2773.700008666, 1.034007520,
2773.720440384, 1.033831772,
2773.740872102, 1.033411889,
2773.761303819, 1.033580353,
2773.781735536, 1.033884929,
2773.802167254, 1.033945233,
2773.822598971, 1.033895697,
2773.843030688, 1.033611231,
2773.863462504, 1.033557045,
2773.883894121, 1.033760282,
2773.904325837, 1.033795820,
2773.924757653, 1.033287931,
2773.945189269, 1.034098560,
2773.965620985, 1.033707041,
2773.986052801, 1.033407022,
2774.006484416, 1.033700414,
2774.026916232, 1.033732288,
2774.047347947, 1.033901354,
2774.067779562, 1.033737772,
2774.088211377, 1.033567274,
2774.108643092, 1.033516173,
2774.129074707, 1.033694958,
2774.149506521, 1.032947181,
2774.190369850, 1.034068563,
2774.210801664, 1.033562080,
2774.231233378, 1.033109397,
2774.251665091, 1.033274800,
2774.272096805, 1.032990300,
2774.292528518, 1.033059057,
2774.312960332, 1.033357619,
2774.333392045, 1.033689339,
2774.353823658, 1.033399244,
2774.374255471, 1.032989398,
2774.394687183, 1.033423348,
2774.415118796, 1.033254414,
2774.435550608, 1.033071687,
2774.455982320, 1.032506823,
2774.476413932, 1.032607901,
2774.496845744, 1.033794645,
2774.517277356, 1.032935604,
2774.537709068, 1.033244207,
2774.558140879, 1.033003544,
2774.578572490, 1.032975701,
2774.599004302, 1.032984319,
2774.619436012, 1.033385984,
2774.639867624, 1.032170808,
2774.701162855, 1.033018209,
2774.721594565, 1.033433201,
2774.742026275, 1.032939182,
2774.762457986, 1.032992798,
2774.782889695, 1.033130283,
2774.803321405, 1.032858639,
2774.823753115, 1.032766055,
2774.844184924, 1.032910506,
2774.864616533, 1.032889437,
2774.885048342, 1.032214797,
2774.905480051, 1.032907447,
2774.925911660, 1.032376827,
2774.946343469, 1.032954876,
2774.966775177, 1.033001046,
2774.987206785, 1.032184211,
2775.007638594, 1.032228259,
2775.028070302, 1.032904272,
2775.048501910, 1.032648625,
2775.068933718, 1.031968872,
2775.089365425, 1.032200781,
2775.109797033, 1.032452747,
2775.130228840, 1.032991088,
2775.150660547, 1.032489512,
2775.171092354, 1.032234169,
2775.191523961, 1.031672367,
2775.211955668, 1.031973648,
2775.232387374, 1.032444275,
2775.252819081, 1.032395941,
2775.273250787, 1.031991260,
2775.293682494, 1.032044675,
2775.314114200, 1.031979696,
2775.334545905, 1.032058053,
2775.354977611, 1.032135019,
2775.375409317, 1.031601612,
2775.416272828, 1.032082871,
2775.436704433, 1.032375450,
2775.457136138, 1.031823278,
2775.477567943, 1.032300382,
2775.497999548, 1.031871637,
2775.518431352, 1.031927255,
2775.538863057, 1.031752609,
2775.559294661, 1.031269914,
2775.579726465, 1.031318420,
2775.600158170, 1.031777477,
2775.620589773, 1.032302208,
2775.661453281, 1.031778233,
2775.681884984, 1.032081897,
2775.702316688, 1.032184913,
2775.722748391, 1.031134995,
2775.743180094, 1.031363888,
2775.763611797, 1.031396680,
2775.784043500, 1.031584282,
2775.804475303, 1.031723760,
2775.824906905, 1.031889950,
2775.845338608, 1.031727568,
2775.865770410, 1.031502258,
2775.886202112, 1.031517780,
2775.906633714, 1.030982981,
2775.927065516, 1.031115622,
2775.947497118, 1.031250442,
2775.967928819, 1.031568477,
2775.988360621, 1.031567103,
2776.008792222, 1.031433070,
2776.029223923, 1.031072607,
2776.049655725, 1.031299157,
2776.070087325, 1.030980434,
2776.090519126, 1.030669684,
2776.110950827, 1.031470928,
2776.131382427, 1.030885874,
2776.151814228, 1.031106610,
2776.172245928, 1.031327679,
2776.192677528, 1.030852986,
2776.213109328, 1.030760898,
2776.233541028, 1.030484119,
2776.253972728, 1.029946058,
2776.274404427, 1.030798122,
2776.294836127, 1.030594514,
2776.315267826, 1.030777124,
2776.335699525, 1.030522018,
2776.356131224, 1.030539682,
2776.376563023, 1.031031026,
2776.396994722, 1.030327075,
2776.417426321, 1.030517612,
2776.437858119, 1.030405352,
2776.458289818, 1.030589251,
2776.478721416, 1.030785470,
2776.499153214, 1.030501740,
2776.519584912, 1.031804816,
2776.540016510, 1.030879952,
2776.560448308, 1.030468076,
2776.580880005, 1.030288772,
2776.601311603, 1.030577119,
2776.662606794, 1.030561324,
2776.683038491, 1.030025514,
2776.703470188, 1.030067574,
2776.723901885, 1.030537238,
2776.744333582, 1.030270396,
2776.764765278, 1.030450593,
2776.785196974, 1.030281598,
2776.805628671, 1.029978155,
2776.826060367, 1.030041556,
2776.846492063, 1.030060164,
2776.866923758, 1.030466615,
2776.887355454, 1.030291750,
2776.907787250, 1.030047844,
2776.928218845, 1.030376316,
2776.948650640, 1.029790210,
2776.969082336, 1.030188716,
2776.989513931, 1.029407517,
2777.009945726, 1.030236900,
2777.030377420, 1.029618272,
2777.050809015, 1.029727372,
2777.071240810, 1.029833794,
2777.091672504, 1.029522596,
2777.112104098, 1.029766233,
2777.132535893, 1.029362775,
2777.152967587, 1.029077425,
2777.173399181, 1.029531330,
2777.193830974, 1.029269959,
2777.214262668, 1.029488056,
2777.234694462, 1.029542104,
2777.255126055, 1.029538703,
2777.275557749, 1.029479193,
2777.295989542, 1.029727006,
2777.316421135, 1.029571665,
2777.336852828, 1.028834820,
2777.357284521, 1.029220599,
2777.377716313, 1.029516002,
2777.398147906, 1.029328807,
2777.418579698, 1.028835638,
2777.439011291, 1.029357430,
2777.459442983, 1.029088522,
2777.479874775, 1.028915567,
2777.500306367, 1.029157070,
2777.520738159, 1.028560468,
2777.541169851, 1.029377588,
2777.561601442, 1.028658465,
2777.582033234, 1.029193152,
2777.602464925, 1.029601526,
2777.622896516, 1.029321445,
2777.643328308, 1.028584437,
2777.663759999, 1.028854551,
2777.684191589, 1.028603372,
2777.704623380, 1.028783166,
2777.725055071, 1.029153594,
2777.745486861, 1.028792470,
2777.765918452, 1.029019175,
2777.786350142, 1.028906669,
2777.806781932, 1.029048961,
2777.827213523, 1.029591495,
2777.847645213, 1.028830605,
2777.868077002, 1.028791681,
2777.888508692, 1.029599999,
2777.908940282, 1.028030609,
2777.929372071, 1.028939893,
2777.949803761, 1.028636818,
2777.970235350, 1.029084502,
2777.990667139, 1.028820699,
2778.011098828, 1.028456417,
2778.031530617, 1.028357074,
2778.051962206, 1.028003920,
2778.072393894, 1.028144646,
2778.092825583, 1.028066603,
2778.113257271, 1.028460468,
2778.133688960, 1.028654056,
2778.154120648, 1.028508814,
2778.174552336, 1.028624289,
2778.194983924, 1.028271046,
2778.215415712, 1.028445449,
2778.235847400, 1.027802302,
2778.256279087, 1.027603151,
2778.276710775, 1.028018703,
2778.297142462, 1.027350280,
2778.317574250, 1.028140910,
2778.338005837, 1.027893536,
2778.358437524, 1.028431678,
2778.378869311, 1.027714013,
2778.399300998, 1.027966253,
2778.419732585, 1.027623761,
2778.440164371, 1.028274820,
2778.460596058, 1.027745452,
2778.481027644, 1.028136408,
2778.501459431, 1.027801381,
2778.521891117, 1.027638567,
2778.542322703, 1.027736092,
2778.562754489, 1.027680542,
2778.603617961, 1.027069930,
2778.624049546, 1.027753210,
2778.644481232, 1.027504399,
2778.664913017, 1.026954049,
2778.685344603, 1.027923960,
2778.705776288, 1.027747439,
2778.726208073, 1.028289997,
2778.746639658, 1.026980690,
2778.767071343, 1.027797526,
2778.787503128, 1.026991665,
2778.807934712, 1.027586646,
2778.828366397, 1.027139238,
2778.848798081, 1.027131173,
2778.869229766, 1.027465432,
2778.889661550, 1.026627494,
2778.910093134, 1.027096545,
2778.930524818, 1.027000558,
2778.950956602, 1.026459163,
2778.971388286, 1.026881087,
2778.991819870, 1.027346892,
2779.012251653, 1.027247968,
2779.032683337, 1.026993973,
2779.053114920, 1.026774313,
2779.073546703, 1.026792522,
2779.093978387, 1.026812381,
2779.114410170, 1.026674198,
2779.134841753, 1.025820132,
2779.155273436, 1.026723876,
2779.175705218, 1.026787481,
2779.196136801, 1.026528531,
2779.216568484, 1.027019381,
2779.237000266, 1.026839760,
2779.257431849, 1.026995373,
2779.277863531, 1.026333740,
2779.298295313, 1.026204709,
2779.318726895, 1.026684013,
2779.339158577, 1.026540455,
2779.359590359, 1.026564140,
2779.380022041, 1.025985758,
2779.400453722, 1.025947642,
2779.420885404, 1.026478649,
2779.441317085, 1.026216582,
2779.461748767, 1.026808991,
2779.482180448, 1.025776834,
2779.502612129, 1.025844381,
2779.523043810, 1.026605427,
2779.543475491, 1.026316264,
2779.563907172, 1.026007263,
2779.584338852, 1.026099027,
2779.604770533, 1.025872154,
2779.625202114, 1.026047373,
2779.645633894, 1.026007652,
2779.666065574, 1.026410959,
2779.686497355, 1.025170390,
2779.706928935, 1.025906794,
2779.727360615, 1.026599245,
2779.747792395, 1.026106339,
2779.768223975, 1.026367740,
2779.788655654, 1.025896649,
2779.809087434, 1.026072394,
2779.829519014, 1.025770366,
2779.849950693, 1.025327988,
2779.870382472, 1.025639125,
2779.890814052, 1.025741823,
2779.911245831, 1.025269205,
2779.931677510, 1.025312892,
2779.952109189, 1.025764206,
2779.972540868, 1.025368096,
2779.992972547, 1.025699756,
2780.013404225, 1.025484260,
2780.033836004, 1.024917175,
2780.054267582, 1.025598124,
2780.074699261, 1.026012791,
2780.095131039, 1.025253556,
2780.115562617, 1.025815540,
2780.135994295, 1.025293058,
2780.156426073, 1.025435623,
2780.176857651, 1.025228491,
2780.197289429, 1.025759396,
2780.217721107, 1.025007935,
2780.238152685, 1.024911567,
2780.258584462, 1.025680066,
2780.279016140, 1.027213444,
2780.319879494, 1.025202522,
2780.340311072, 1.025389259,
2780.360742749, 1.025242076,
2780.381174526, 1.025715542,
2780.401606103, 1.024699857,
2780.422037779, 1.025374484,
2780.442469556, 1.025464663,
2780.462901233, 1.025934099,
2780.483332909, 1.025531870,
2780.503764586, 1.025361470,
2780.524196262, 1.025302186,
2780.585491291, 1.025028044,
2780.605923067, 1.025043086,
2780.626354643, 1.025255490,
2780.646786318, 1.024913911,
2780.667218094, 1.025015806,
2780.687649670, 1.024793759,
2780.708081445, 1.025065663,
2780.728513121, 1.025000886,
2780.748944696, 1.024541447,
2780.769376472, 1.024450286,
2780.789808147, 1.024794933,
2780.810239722, 1.024970874,
2780.830671497, 1.024747358,
2780.851103172, 1.023980981,
2780.871534847, 1.024513845,
2780.891966522, 1.024680993,
2780.912398196, 1.024658823,
2780.932829871, 1.024069741,
2780.953261545, 1.024387794,
2780.973693220, 1.024508617,
2780.994124894, 1.024463778,
2781.014556568, 1.024054086,
2781.034988243, 1.024332912,
2781.055419917, 1.024532986,
2781.075851591, 1.024020199,
2781.096283265, 1.024413205,
2781.116715038, 1.023634884,
2781.137146612, 1.024663327,
2781.157578286, 1.023941379,
2781.178010059, 1.024377617,
2781.198441633, 1.024063754,
2781.218873406, 1.024200187,
2781.239305080, 1.024028266,
2781.259736653, 1.024207266,
2781.280168426, 1.024405526,
2781.300600099, 1.023943463,
2781.321031672, 1.024308298,
2781.341463445, 1.024318242,
2781.361895118, 1.024388871,
2781.382326691, 1.024291422,
2781.402758463, 1.023890386,
2781.423190136, 1.024048688,
2781.443621809, 1.024829275,
2781.464053481, 1.023848195,
2781.484485153, 1.024038056,
2781.504916925, 1.024087628,
2781.545780170, 1.024777868,
2781.566211942, 1.024431657,
2781.586643614, 1.029675950,
2781.607075186, 1.024173234,
2781.627506958, 1.024298898,
2781.647938629, 1.024100231,
2781.668370201, 1.023874080,
2781.688801972, 1.024281057,
2781.709233544, 1.024371052,
2781.729665315, 1.024087882,
2781.750096987, 1.024338170,
2781.770528558, 1.023866400,
2781.790960329, 1.024141685,
2781.811392000, 1.024319171,
2781.831823571, 1.023188930,
2781.852255342, 1.023760406,
2781.872687013, 1.024080216,
2781.893118584, 1.024017509,
2781.913550354, 1.024272613,
2781.933982025, 1.024030230,
2781.954413695, 1.023858655,
2781.974845366, 1.023704981,
2781.995277036, 1.023907617,
2782.015708807, 1.023291397,
2782.036140377, 1.023705176,
2782.056572047, 1.023722209,
2782.077003817, 1.023811746,
2782.097435487, 1.023810280,
2782.117867057, 1.023093682,
2782.138298827, 1.023384458,
2782.158730497, 1.023898011,
2782.179162067, 1.023439331,
2782.199593836, 1.023284927,
2782.220025506, 1.023315508,
2782.240457275, 1.023702144,
2782.281320514, 1.023647968,
2782.301752283, 1.024157049,
2782.322183853, 1.023456130,
2782.342615522, 1.022789310,
2782.363047291, 1.023566421,
2782.383478860, 1.022890471,
2782.403910529, 1.024393461,
2782.424342198, 1.023289990,
2782.444773866, 1.023896553,
2782.465205635, 1.023500930,
2782.485637204, 1.023798540,
2782.526500641, 1.023626639,
2782.546932209, 1.023328104,
2782.567363878, 1.023562061,
2782.587795646, 1.023353636,
2782.608227214, 1.023291458,
2782.628658882, 1.023209782,
2782.649090650, 1.023314630,
2782.669522318, 1.022940447,
2782.689953886, 1.023386374,
2782.710385654, 1.023067652,
2782.730817322, 1.022936349,
2782.771680658, 1.023019156,
2782.792112325, 1.023059086,
2782.812544093, 1.022474125,
2782.832975660, 1.023076592,
2782.853407328, 1.022681810,
2782.873839095, 1.023461692,
2782.894270662, 1.022735085,
2782.914702329, 1.022969255,
2782.935134097, 1.022739138,
2782.955565664, 1.022360038,
2782.975997431, 1.022515259,
2782.996429098, 1.022757882,
2783.016860664, 1.022779151,
2783.037292431, 1.022785487,
2783.057724098, 1.022714462,
2783.078155765, 1.022442946,
2783.098587431, 1.022343023,
2783.119019098, 1.022612811,
2783.139450764, 1.022795874,
2783.159882431, 1.023046004,
2783.180314097, 1.022368851,
2783.200745663, 1.022569824,
2783.221177430, 1.023294686,
2783.241609096, 1.022669551,
2783.262040862, 1.022118184,
2783.282472428, 1.022373383,
2783.302904094, 1.022760495,
2783.323335860, 1.022497186,
2783.343767426, 1.022627630,
2783.364199092, 1.022440411,
2783.384630857, 1.022587449,
2783.405062423, 1.023314787,
2783.425494089, 1.022670138,
2783.445925854, 1.021857740,
2783.466357420, 1.022606975,
2783.507220850, 1.023114569,
2783.527652416, 1.022235475,
2783.548084181, 1.022490672,
2783.568515846, 1.022041020,
2783.588947511, 1.022054584,
2783.609379176, 1.022067969,
2783.629810841, 1.021898442,
2783.650242506, 1.022005167,
2783.670674171, 1.022714984,
2783.691105836, 1.022334344,
2783.711537601, 1.022779819,
2783.731969266, 1.021865222,
2783.752400830, 1.022508479,
2783.772832595, 1.022421014,
2783.793264159, 1.022209897,
2783.813695824, 1.021867141,
2783.834127588, 1.022054893,
2783.854559153, 1.022495162,
2783.874990817, 1.021995522,
2783.895422581, 1.022230053,
2783.915854146, 1.021770097,
2783.936285910, 1.021888093,
2783.956717574, 1.021891728,
2783.997580902, 1.022140898,
2784.018012566, 1.022343725,
2784.038444130, 1.022062692,
2784.058875893, 1.021327056,
2784.079307557, 1.020996803,
2784.099739221, 1.021712300,
2784.120170885, 1.021363529,
2784.140602548, 1.021629693,
2784.161034312, 1.021491166,
2784.181465875, 1.020921492,
2784.201897539, 1.021928220,
2784.222329302, 1.021872916,
2784.242760865, 1.021737922,
2784.263192529, 1.021951667,
2784.283624292, 1.021308808,
2784.304055955, 1.022060739,
2784.324487518, 1.021498753,
2784.344919281, 1.021318886,
2784.365350944, 1.021413831,
2784.385782607, 1.021147133,
2784.406214270, 1.021227908,
2784.426645933, 1.021079997,
2784.447077596, 1.021281948,
2784.487940921, 1.021633877,
2784.508372684, 1.021133326,
2784.528804247, 1.020972414,
2784.549235909, 1.020620307,
2784.569667572, 1.020857013,
2784.590099234, 1.021001947,
2784.610530797, 1.021164524,
2784.630962559, 1.021145927,
2784.651394221, 1.020782040,
2784.671825984, 1.021355446,
2784.692257546, 1.020984958,
2784.733120970, 1.020411436,
2784.753552532, 1.020590136,
2784.773984194, 1.020610883,
2784.794415956, 1.020977972,
2784.814847618, 1.020647500,
2784.835279180, 1.020745185,
2784.855710942, 1.020230574,
2784.876142604, 1.019615275,
2784.896574265, 1.019944135,
2784.917005927, 1.019974444,
2784.937437589, 1.019775502,
2784.957869350, 1.020442594,
2784.978300912, 1.020053176,
2784.998732574, 1.020065408,
2785.019164335, 1.020023220,
2785.039595896, 1.019718300,
2785.060027558, 1.019530970,
2785.080459319, 1.019835306,
2785.100890880, 1.020141011,
2785.121322642, 1.019935820,
2785.141754303, 1.019786200,
2785.162185864, 1.019952541,
2785.182617625, 1.019786830,
2785.223480847, 1.019854745,
2785.243912608, 1.019301785,
2785.264344269, 1.019513759,
2785.284775830, 1.019304722,
2785.305207591, 1.019644110,
2785.325639252, 1.019755291,
2785.346070913, 1.019910543,
2785.366502573, 1.019111385,
2785.386934234, 1.019827081,
2785.407365895, 1.019665595,
2785.427797555, 1.018886446,
2785.468660976, 1.019374243,
2785.489092537, 1.019438021,
2785.509524197, 1.019233554,
2785.529955958, 1.019501293,
2785.550387518, 1.018906479,
2785.570819279, 1.019476686,
2785.591250939, 1.018972503,
2785.611682499, 1.018451168,
2785.632114259, 1.019389210,
2785.652545919, 1.018742717,
2785.672977480, 1.019101767,
2785.713840900, 1.019055463,
2785.734272460, 1.018938742,
2785.754704220, 1.018908570,
2785.775135880, 1.018884618,
2785.795567640, 1.018126698,
2785.815999200, 1.019783061,
2785.836430859, 1.018983366,
2785.856862619, 1.018687798,
2785.877294179, 1.018608926,
2785.897725839, 1.018547897,
2785.918157598, 1.018425778,
2785.959020818, 1.018371706,
2785.979452577, 1.018215870,
2785.999884137, 1.018833521,
2786.020315896, 1.018621485,
2786.040747556, 1.018378506,
2786.061179115, 1.018590970,
2786.081610875, 1.018335274,
2786.102042534, 1.018260483,
2786.122474094, 1.018106073,
2786.142905853, 1.017538686,
2786.163337512, 1.017972311,
2786.204200831, 1.018569191,
2786.224632490, 1.017900416,
2786.245064249, 1.017861735,
2786.265495808, 1.018626856,
2786.285927467, 1.018438033,
2786.306359226, 1.017988603,
2786.326790785, 1.017220812,
2786.347222444, 1.017896610,
2786.367654203, 1.018149336,
2786.388085762, 1.017955380,
2786.408517421, 1.017830275,
2786.469812497, 1.017822578,
2786.490244156, 1.017354479,
2786.510675815, 1.017294442,
2786.531107474, 1.017911088,
2786.551539132, 1.017550179,
2786.571970791, 1.017751979,
2786.592402550, 1.017950377,
2786.612834108, 1.017634311,
2786.633265767, 1.017552006,
2786.653697425, 1.017405741,
2786.674129084, 1.016929997,
2786.694560842, 1.016946600,
2786.714992401, 1.017057368,
2786.735424059, 1.017663337,
2786.755855818, 1.017380602,
2786.776287376, 1.017174343,
2786.796719034, 1.016749933,
2786.817150793, 1.016724026,
2786.837582351, 1.016888997,
2786.858014009, 1.016315972,
2786.878445768, 1.016483681,
2786.898877326, 1.016967838,
2786.939740742, 1.016774165,
2786.960172400, 1.016415756,
2786.980604058, 1.016863435,
2787.001035716, 1.016149634,
2787.021467375, 1.016730730,
2787.041899033, 1.016140710,
2787.062330691, 1.016758410,
2787.082762349, 1.016446179,
2787.103194007, 1.016138760,
2787.123625665, 1.016309120,
2787.144057422, 1.016248289,
2787.184920638, 1.016059043,
2787.205352396, 1.016476247,
2787.225784054, 1.015832384,
2787.246215612, 1.016968648,
2787.266647369, 1.016307008,
2787.287079027, 1.016407161,
2787.307510585, 1.016444772,
2787.327942343, 1.015932528,
2787.348374000, 1.016229876,
2787.368805658, 1.016564247,
2787.389237316, 1.015836108,
2787.430100631, 1.016017310,
2787.450532289, 1.016126692,
2787.470963846, 1.016033528,
2787.491395604, 1.015963186,
2787.511827261, 1.016488898,
2787.532258919, 1.015891438,
2787.552690576, 1.015932928,
2787.573122234, 1.015745904,
2787.593553991, 1.015566462,
2787.613985649, 1.015652496,
2787.634417206, 1.015699221,
2787.675280621, 1.015851075,
2787.695712178, 1.015904424,
2787.716143935, 1.016405311,
2787.736575593, 1.015580907,
2787.757007150, 1.015406364,
2787.777438907, 1.015525597,
2787.797870565, 1.015325635,
2787.818302322, 1.015731437,
2787.838733879, 1.014854497,
2787.859165536, 1.015893474,
2787.879597294, 1.015614391,
2787.920460508, 1.015177137,
2787.940892265, 1.014716146,
2787.961323822, 1.015269285,
2787.981755579, 1.015650098,
2788.002187237, 1.015450961,
2788.022618794, 1.015419377,
2788.043050551, 1.014827982,
2788.063482108, 1.014469014,
2788.083913765, 1.014837673,
2788.104345522, 1.014847878,
2788.124777079, 1.014501808,
2788.165640493, 1.015332262,
2788.186072150, 1.015411436,
2788.206503807, 1.014859335,
2788.226935464, 1.015207036,
2788.247367121, 1.014750849,
2788.267798778, 1.015013450,
2788.288230435, 1.014796728,
2788.308662092, 1.014588354,
2788.329093849, 1.015258703,
2788.349525406, 1.014512646,
2788.369957062, 1.014137846,
2788.431252133, 1.014147459,
2788.451683790, 1.014054526,
2788.472115347, 1.013966853,
2788.492547104, 1.013677121,
2788.512978760, 1.014465467,
2788.533410317, 1.014403204,
2788.553842074, 1.014278113,
2788.574273731, 1.013846303,
2788.594705387, 1.014312570,
2788.615137044, 1.014032069,
2788.635568701, 1.013763621,
2788.656000458, 1.013368657,
2788.676432015, 1.013858612,
2788.696863671, 1.013746804,
2788.717295328, 1.012930130,
2788.737726985, 1.013436038,
2788.758158641, 1.013268283,
2788.778590298, 1.013073261,
2788.799021955, 1.013589916,
2788.819453612, 1.013048984,
2788.839885368, 1.012200343,
2788.860316925, 1.013088363,
2788.901180338, 1.012780913,
2788.921611895, 1.012818537,
2788.942043652, 1.012494263,
2788.962475308, 1.012308826,
2788.982906865, 1.012432774,
2789.003338622, 1.011992483,
2789.023770278, 1.011787047,
2789.044201835, 1.012088813,
2789.064633592, 1.011966796,
2789.085065248, 1.012205217,
2789.105497005, 1.011598257,
2789.146360218, 1.011756379,
2789.166791975, 1.012068658,
2789.187223531, 1.015341703,
2789.207655188, 1.011448566,
2789.228086944, 1.011426888,
2789.248518501, 1.011027666,
2789.268950258, 1.011764255,
2789.289381914, 1.011783995,
2789.309813571, 1.011388390,
2789.330245227, 1.011197728,
2789.350676884, 1.011252496,
2789.371108541, 1.011161405,
2789.391540197, 1.011291272,
2789.411971854, 1.011265495,
2789.432403411, 1.011198486,
2789.452835167, 1.011360139,
2789.473266824, 1.011137285,
2789.493698580, 1.010982870,
2789.514130137, 1.011221468,
2789.534561794, 1.010523259,
2789.554993550, 1.010317524,
2789.575425107, 1.010628110,
2789.595856763, 1.010530176,
2789.636720077, 1.010147917,
2789.657151733, 1.010813667,
2789.677583490, 1.010824736,
2789.698015046, 1.010297223,
2789.718446803, 1.010799290,
2789.738878460, 1.009647452,
2789.759310016, 1.010167730,
2789.779741773, 1.010365624,
2789.800173429, 1.010130371,
2789.820605086, 1.009833405,
2789.841036743, 1.009815264,
2789.881900056, 1.009726273,
2789.902331713, 1.009021374,
2789.922763369, 1.009122303,
2789.943195126, 1.009474318,
2789.963626783, 1.009812999,
2789.984058339, 1.009975774,
2790.004490096, 1.009960256,
2790.024921753, 1.009221669,
2790.045353309, 1.009229386,
2790.065785066, 1.009096876,
2790.086216723, 1.008932898,
2790.127080036, 1.008349833,
2790.147511693, 1.008862018,
2790.167943350, 1.009269602,
2790.188375006, 1.008265557,
2790.208806563, 1.008756925,
2790.229238320, 1.008559244,
2790.249669977, 1.008489838,
2790.270101533, 1.009728283,
2790.290533290, 1.008855358,
2790.310964947, 1.008957811,
2790.331396704, 1.008247716,
2790.372259917, 1.008520171,
2790.392691674, 1.008736571,
2790.413123231, 1.008116482,
2790.433554888, 1.008026199,
2790.453986645, 1.007594473,
2790.474418302, 1.008155185,
2790.494849858, 1.008007984,
2790.515281615, 1.007921990,
2790.535713272, 1.007992008,
2790.556144929, 1.007891127,
2790.576576586, 1.007477157,
2790.617440000, 1.007714806,
2790.637871557, 1.006710799,
2790.658303214, 1.007279706,
2790.678734971, 1.007142879,
2790.699166528, 1.006897112,
2790.719598285, 1.006901619,
2790.740029942, 1.007047837,
2790.760461499, 1.007044476,
2790.780893256, 1.007318364,
2790.801324913, 1.006682449,
2790.821756470, 1.005936202,
2790.862619784, 1.006200070,
2790.883051441, 1.006320112,
2790.903483198, 1.006177031,
2790.923914756, 1.005748920,
2790.944346513, 1.006351342,
2790.964778170, 1.006214878,
2790.985209727, 1.006000638,
2791.005641484, 1.005754982,
2791.026073141, 1.005851674,
2791.046504799, 1.005923299,
2791.066936456, 1.005678625,
2791.107799871, 1.005441575,
2791.128231428, 1.005895046,
2791.148663085, 1.005784689,
2791.169094842, 1.005467141,
2791.189526500, 1.005573140,
2791.209958057, 1.005383615,
2791.230389815, 1.005446436,
2791.250821472, 1.005372716,
2791.271253029, 1.005661532,
2791.291684787, 1.005703297,
2791.312116444, 1.005550693,
2791.332548202, 1.005395068,
2791.352979759, 1.004862039,
2791.373411417, 1.005200814,
2791.393843174, 1.005568756,
2791.414274732, 1.005035512,
2791.434706390, 1.005084196,
2791.455138047, 1.005043208,
2791.475569705, 1.005207396,
2791.496001362, 1.004942853,
2791.516433120, 1.005155622,
2791.536864678, 1.004165227,
2791.557296435, 1.005127245,
2791.598159651, 1.005053547,
2791.618591409, 1.004686172,
2791.639022967, 1.005277288,
2791.659454624, 1.004788363,
2791.679886382, 1.004594054,
2791.700318040, 1.004430728,
2791.720749698, 1.004279548,
2791.741181356, 1.004800219,
2791.761613014, 1.004916965,
2791.782044672, 1.004242222,
2791.802476330, 1.004058743,
2791.843339746, 1.003851772,
2791.863771304, 1.004400557,
2791.884202962, 1.003594777,
2791.904634720, 1.003170833,
2791.925066278, 1.003514972,
2791.945498036, 1.003691108,
2791.965929694, 1.004269271,
2791.986361253, 1.003669839,
2792.006793011, 1.004052316,
2792.027224669, 1.003947854,
2792.047656227, 1.003661905,
2792.088519644, 1.003511303,
2792.108951402, 1.002700040,
2792.129382961, 1.003387455,
2792.149814619, 1.003236442,
2792.170246378, 1.003229269,
2792.190677936, 1.003940634,
2792.211109595, 1.003307258,
2792.231541253, 1.003425132,
2792.251972912, 1.003110320,
2792.272404570, 1.003121359,
2792.292836229, 1.003255544,
2792.333699646, 1.002820360,
2792.354131305, 1.003354304,
2792.374562864, 1.002883968,
2792.394994622, 1.003340455,
2792.415426281, 1.002982006,
2792.435857840, 1.002413624,
2792.456289599, 1.002905247,
2792.476721258, 1.002461207,
2792.497153017, 1.002916414,
2792.517584576, 1.002838419,
2792.538016235, 1.002898473,
2792.578879553, 1.003072200,
2792.599311212, 1.001460437,
2792.619742971, 1.001730733,
2792.640174530, 1.002051291,
2792.660606189, 1.001912103,
2792.681037948, 1.002305483,
2792.701469508, 1.002249077,
2792.721901267, 1.002121903,
2792.742332926, 1.002148997,
2792.762764486, 1.001751336,
2792.783196245, 1.001197418,
2792.803627904, 1.000987744,
2792.824059564, 1.001772069,
2792.844491223, 1.001940950,
2792.864922883, 1.001718061,
2792.885354542, 1.001795401,
2792.905786202, 1.001761338,
2792.926217861, 1.001625213,
2792.946649521, 1.001863709,
2792.967081181, 1.001469597,
2792.987512841, 1.001720125,
2793.007944500, 1.001534773,
2793.028376160, 1.001851351,
2793.069239580, 1.001482088,
2793.089671140, 1.001728077,
2793.110102900, 1.001587306,
2793.130534560, 1.001627912,
2793.150966120, 1.000749193,
2793.171397880, 1.001530320,
2793.191829540, 1.001885135,
2793.212261100, 1.001398412,
2793.232692860, 1.001323950,
2793.253124520, 1.001198314,
2793.273556280, 1.001272280,
2793.314419501, 1.001477012,
2793.334851261, 1.000242108,
2793.355282822, 1.001339778,
2793.375714482, 1.000843407,
2793.396146243, 1.001165885,
2793.416577803, 1.001567558,
2793.437009464, 1.001650260,
2793.457441225, 1.001185450,
2793.477872885, 1.001163364,
2793.498304546, 1.001291471,
2793.518736207, 1.000809755,
2793.559599528, 1.001052251,
2793.580031189, 1.001773457,
2793.600462850, 1.000754695,
2793.620894511, 1.001263698,
2793.641326172, 1.000864785,
2793.661757933, 1.000655002,
2793.682189494, 1.000876649,
2793.702621155, 1.000793742,
2793.723052916, 1.001251283,
2793.743484477, 1.001999364,
2793.763916139, 1.001112569,
2793.804779461, 0.999932781,
2793.825211123, 1.000439698,
2793.845642884, 1.000630053,
2793.866074445, 1.000180479,
2793.886506207, 1.000392117,
2793.906937869, 1.000257543,
2793.927369430, 1.000812246,
2793.947801192, 1.000575459,
2793.968232853, 1.000329919,
2793.988664515, 1.000364701,
2794.009096177, 1.000699950,
2794.049959601, 1.000342865,
2794.070391163, 0.999790856,
2794.090822825, 1.000229389,
2794.111254587, 1.000494221,
2794.131686249, 0.999815203,
2794.152117811, 1.000403924,
2794.172549573, 1.000675839,
2794.192981235, 1.000789537,
2794.213412897, 1.000518947,
2794.233844560, 1.000000000,
2794.254276222, 1.000208841,
2794.295139547, 0.999942025,
2794.315571109, 0.999699994,
2794.336002872, 1.000211327,
2794.356434535, 1.000761110,
2794.376866097, 1.000045724,
2794.397297860, 1.000030266,
2794.417729523, 0.999900546,
2794.438161286, 1.000216505,
2794.458592848, 1.000089973,
2794.479024511, 0.999405324,
2794.499456274, 1.000183543,
2794.519887837, 0.999572722,
2794.540319500, 0.998875877,
2794.560751263, 0.999667645,
2794.581182827, 0.999340707,
2794.601614590, 0.999270235,
2794.622046253, 0.999929150,
2794.642477816, 0.999802456,
2794.662909580, 0.999740000,
2794.683341243, 0.999032833,
2794.703772907, 0.999499837,
2794.724204570, 0.999293654,
2794.744636234, 0.999232117,
2794.785499561, 0.998779899,
2794.867226216, 0.999476581,
2794.887657980, 0.999650946,
2794.908089644, 0.999714616,
2794.928521209, 0.999149053,
2794.948952973, 0.998620395,
2794.969384537, 0.999144853,
2794.989816301, 0.998880045,
2795.030679530, 0.999315446,
2795.051111294, 0.999188202,
2795.071542959, 0.999008846,
2795.091974523, 0.998756722,
2795.112406288, 0.999104921,
2795.132837953, 0.999245954,
2795.153269517, 0.999585846,
2795.173701282, 0.998973470,
2795.194132947, 0.998701772,
2795.214564712, 0.999070557,
2795.234996277, 0.999482650,
2795.275859707, 0.998760535,
2795.296291272, 0.998901424,
2795.316722937, 0.998923715,
2795.337154702, 0.999054118,
2795.357586368, 0.998817127,
2795.378018033, 0.998793550,
2795.398449698, 0.998612835,
2795.418881364, 0.999080509,
2795.439313029, 0.999229006,
2795.459744695, 0.999212471,
2795.480176361, 0.999329709,
2795.521039692, 0.998735281,
2795.541471358, 0.998270910,
2795.561903124, 0.998706472,
2795.582334690, 0.998731830,
2795.602766456, 0.999176374,
2795.623198122, 0.998877674,
2795.643629688, 0.998230930,
2795.664061454, 0.998067897,
2795.684493021, 0.997901893,
2795.704924687, 0.998772745,
2795.725356454, 0.998708948,
2795.766219787, 0.998191261,
2795.786651453, 0.998321856,
2795.807083020, 0.998614374,
2795.827514787, 0.998607102,
2795.847946453, 0.998289342,
2795.868378120, 0.998304514,
2795.888809787, 0.998249604,
2795.909241454, 0.998293677,
2795.929673221, 0.998131625,
2795.950104788, 0.998444082,
2795.970536456, 0.998597003,
2796.011399890, 0.998096074,
2796.031831458, 0.997526694,
2796.052263225, 0.998534357,
2796.072694893, 0.998272614,
2796.093126460, 0.998959006,
2796.113558228, 0.998421276,
2796.133989896, 0.998180527,
2796.154421663, 0.998100367,
2796.174853231, 0.997814345,
2796.195284899, 0.997917251,
2796.215716667, 0.997559777,
2796.277011672, 0.997857731,
2796.297443240, 0.997856828,
2796.317875008, 0.997640488,
2796.338306577, 0.997779513,
2796.358738245, 0.997733986,
2796.379170014, 0.997714954,
2796.399601583, 0.997403876,
2796.420033251, 0.997881476,
2796.440465020, 0.997623015,
2796.460896589, 0.997340818,
2796.501760027, 0.997020965,
2796.522191696, 0.997513584,
2796.542623365, 0.997089633,
2796.563055034, 0.997175304,
2796.583486704, 0.997204766,
2796.603918373, 0.996948281,
2796.624350042, 0.997058809,
2796.644781712, 0.996880870,
2796.665213381, 0.996903443,
2796.685645051, 0.996908747,
2796.706076821, 0.996422612,
2796.746940060, 0.996463485,
2796.767371830, 0.997222527,
2796.787803500, 0.997143312,
2796.808235071, 0.996711209,
2796.828666841, 0.997285456,
2796.849098511, 0.996291113,
2796.869530081, 0.996640933,
2796.889961852, 0.996431031,
2796.910393522, 0.997355067,
2796.930825293, 0.996162267,
2796.951256863, 0.996376856,
2796.992120205, 0.996996681,
2797.012551876, 0.996456569,
2797.032983547, 0.996592788,
2797.053415218, 0.996599145,
2797.073846889, 0.996332997,
2797.094278660, 0.996272912,
2797.114710231, 0.995601609,
2797.135141903, 0.996628083,
2797.155573674, 0.996412539,
2797.176005345, 0.996368578,
2797.196436917, 0.996550066,
2797.257732032, 0.996570810,
2797.278163704, 0.995857949,
2797.298595376, 0.995769272,
2797.319027148, 0.995948230,
2797.339458720, 0.996432648,
2797.359890392, 0.995848317,
2797.380322165, 0.995607436,
2797.400753737, 0.995632215,
2797.421185409, 0.995998022,
2797.441617182, 0.995739754,
2797.482480527, 0.995927790,
2797.502912200, 0.996086578,
2797.523343773, 0.996381027,
2797.543775546, 0.996324736,
2797.564207219, 0.996262640,
2797.584638792, 0.995765821,
2797.605070565, 0.995750119,
2797.625502238, 0.995655835,
2797.645934012, 0.995979626,
2797.666365585, 0.995765103,
2797.686797259, 0.995865835,
2797.727660606, 0.995430251,
2797.748092280, 0.996389186,
2797.768523954, 0.995910765,
2797.788955628, 0.996341429,
2797.809387302, 0.995232771,
2797.829818976, 0.995229506,
2797.850250650, 0.995829693,
2797.870682424, 0.995741287,
2797.891114098, 0.995621633,
2797.911545673, 0.995551853,
2797.931977447, 0.995553596,
2797.972840697, 0.994538055,
2797.993272472, 0.995618473,
2798.013704146, 0.995437524,
2798.034135921, 0.995455609,
2798.054567497, 0.995984917,
2798.074999172, 0.995725910,
2798.095430947, 0.995937158,
2798.115862522, 0.995473081,
2798.136294198, 0.995498223,
2798.156725973, 0.994893979,
2798.177157549, 0.994897970,
2798.218021000, 0.995253257,
2798.238452576, 0.995083980,
2798.258884352, 0.994795184,
2798.279316028, 0.995079741,
2798.299747604, 0.995221322,
2798.320179380, 0.995425057,
2798.340611057, 0.996196892,
2798.361042733, 0.994815826,
2798.381474410, 0.994628325,
2798.401906086, 0.994956770,
2798.422337763, 0.994567665,
2798.463201116, 0.994650356,
2798.483632793, 0.994737846,
2798.504064470, 0.994884889,
2798.524496148, 0.994689982,
2798.544927925, 0.993900336,
2798.565359502, 0.994316604,
2798.585791279, 0.994281713,
2798.606222957, 0.994160890,
2798.626654535, 0.994252319,
2798.647086312, 0.993995083,
2798.667517990, 0.994573088,
2798.708381346, 0.994308615,
2798.728813024, 0.993240333,
2798.749244602, 0.994283670,
2798.769676380, 0.994140250,
2798.790108059, 0.993871486,
2798.810539837, 0.993922423,
2798.830971416, 0.993619400,
2798.851403094, 0.993988753,
2798.871834873, 0.994038106,
2798.892266452, 0.993660632,
2798.912698131, 0.993047160,
2798.953561489, 0.994363518,
2798.973993268, 0.993654946,
2798.994424947, 0.993649145,
2799.014856627, 0.993690354,
2799.035288306, 0.994099228,
2799.055719986, 0.994025683,
2799.076151566, 0.992956672,
2799.096583345, 0.992958441,
2799.117015025, 0.993819920,
2799.137446705, 0.993830780,
2799.157878385, 0.993527303,
2799.198741846, 0.993452264,
2799.219173426, 0.993390689,
2799.239605107, 0.993596578,
2799.260036887, 0.993776664,
2799.280468468, 0.993757297,
2799.300900149, 0.993691402,
2799.321331930, 0.993476322,
2799.341763511, 0.993300056,
2799.382626973, 0.993534143,
2799.403058554, 0.993914188,
2799.443922017, 0.993017039,
2799.464353599, 0.993109476,
2799.484785381, 0.994184939,
2799.505217062, 0.993392642,
2799.525648844, 0.993137661,
2799.546080426, 0.993391272,
2799.566512108, 0.993058520,
2799.586943891, 0.993076378,
2799.607375473, 0.993122357,
2799.627807155, 0.992402454,
2799.648238938, 0.992828508,
2799.689102303, 0.992691296,
2799.709533986, 0.992497274,
2799.729965669, 0.992615656,
2799.750397352, 0.993132732,
2799.770829035, 0.993425468,
2799.791260718, 0.992593303,
2799.811692402, 0.992437064,
2799.832124085, 0.993021784,
2799.852555669, 0.992882231,
2799.872987453, 0.992799231,
2799.893419136, 0.992788907,
2799.934282504, 0.992603848,
2799.954714188, 0.992489062,
2799.975145973, 0.991324096,
2799.995577557, 0.992216347,
2800.016009241, 0.992229098,
2800.036441026, 0.992796235,
2800.056872610, 0.992681693,
2800.077304395, 0.991901146,
2800.097736080, 0.992181577,
2800.118167665, 0.992179795,
2800.138599450, 0.992356307,
2800.179462821, 0.992206861,
2800.199894506, 0.992006539,
2800.220326192, 0.992356750,
2800.240757977, 0.992585942,
2800.261189563, 0.992448360,
2800.281621249, 0.992079065,
2800.302053035, 0.991681931,
2800.322484621, 0.992091950,
2800.342916307, 0.991758281,
2800.363348093, 0.991914511,
2800.383779780, 0.991895829,
2800.424643153, 0.991665218,
2800.445074739, 0.991938881,
2800.465506526, 0.991643733,
2800.485938213, 0.991748334,
2800.506369800, 0.991507796,
2800.526801588, 0.990783405,
2800.547233275, 0.991397804,
2800.567664862, 0.991376467,
2800.588096650, 0.991057264,
2800.608528337, 0.991464226,
2800.628960125, 0.991410167,
2800.669823401, 0.991554120,
2800.690255189, 0.990768790,
2800.710686777, 0.990781134,
2800.731118466, 0.990879470,
2800.751550254, 0.991213235,
2800.771981843, 0.991051406,
2800.792413531, 0.990983191,
2800.812845320, 0.990332245,
2800.833277009, 0.990767915,
2800.853708698, 0.990602030,
2800.874140387, 0.990235805,
2800.915003766, 0.990991160,
2800.935435455, 0.990713460,
2800.955867145, 0.990810986,
2800.976298934, 0.990508148,
2800.996730524, 0.990962437,
2801.017162314, 0.990884979,
2801.037594004, 0.990496998,
2801.058025594, 0.990141753,
2801.078457385, 0.990210853,
2801.098888975, 0.990624214,
2801.119320666, 0.990495224,
2801.160184047, 0.990608547,
2801.180615838, 0.990644359,
2801.201047529, 0.990712950,
2801.221479120, 0.990587230,
2801.241910911, 0.990151874,
2801.262342603, 0.990860597,
2801.282774194, 0.990439262,
2801.303205986, 0.990502930,
2801.323637678, 0.990177592,
2801.344069270, 0.990489603,
2801.364501062, 0.990509468,
2801.405364546, 0.990159717,
2801.425796138, 0.989725177,
2801.446227831, 0.990341022,
2801.466659623, 0.990066797,
2801.487091216, 0.990096286,
2801.507522909, 0.990099472,
2801.527954702, 0.990623736,
2801.548386395, 0.989911929,
2801.568818088, 0.990526247,
2801.589249781, 0.989884554,
2801.609681475, 0.990303974,
2801.650544862, 0.990112757,
2801.670976556, 0.990132861,
2801.691408350, 0.989863698,
2801.711839944, 0.989965705,
2801.732271738, 0.989899073,
2801.752703432, 0.990191293,
2801.773135027, 0.989513664,
2801.793566821, 0.989254124,
2801.813998416, 0.989428348,
2801.834430111, 0.989444609,
2801.854861906, 0.989612924,
2801.895725196, 0.989550167,
2801.916156991, 0.989685560,
2801.936588587, 0.989157237,
2801.957020383, 0.989427623,
2801.977452078, 0.989382253,
2801.997883674, 0.990115533,
2802.018315470, 0.989399500,
2802.038747166, 0.989087107,
2802.059178862, 0.989025951,
2802.079610559, 0.989146823,
2802.100042255, 0.988861265,
2802.140905649, 0.988499977,
2802.161337345, 0.988916070,
2802.181769142, 0.988957032,
2802.202200839, 0.989447291,
2802.222632437, 0.989852187,
2802.243064234, 0.988771001,
2802.263495932, 0.989261422,
2802.283927629, 0.988825982,
2802.304359327, 0.988651543,
2802.324791025, 0.988386712,
2802.345222823, 0.988345827,
2802.386086119, 0.988573373,
2802.406517918, 0.988220163,
2802.426949516, 0.988400215,
2802.447381215, 0.988747415,
2802.467812914, 0.988427428,
2802.488244613, 0.988541944,
2802.508676412, 0.987521661,
2802.529108011, 0.988241483,
2802.549539711, 0.988390616,
2802.569971510, 0.987902810,
2802.590403110, 0.987947240,
2802.631266609, 0.987733044,
2802.651698209, 0.988451952,
2802.672130010, 0.987808093,
2802.692561710, 0.988109360,
2802.712993410, 0.988192157,
2802.733425111, 0.987621482,
2802.753856812, 0.988245080,
2802.774288512, 0.987531014,
2802.794720213, 0.988391951,
2802.815151914, 0.987453338,
2802.835583716, 0.988073314,
2802.856015417, 0.987395570,
2802.876447019, 0.987309341,
2802.896878820, 0.987607452,
2802.917310522, 0.987417982,
2802.937742124, 0.987205463,
2802.958173926, 0.987418894,
2802.978605628, 0.987516901,
2802.999037231, 0.987829236,
2803.019469033, 0.987517025,
2803.039900736, 0.987010864,
2803.060332538, 0.987459527,
2803.080764141, 0.987314753,
2803.121627547, 0.987973117,
2803.142059251, 0.987035869,
2803.162490954, 0.987727283,
2803.182922658, 0.987042356,
2803.203354362, 0.987733499,
2803.223786165, 0.986876860,
2803.244217769, 0.987000022,
2803.264649474, 0.987636042,
2803.285081278, 0.987900797,
2803.305512882, 0.987297439,
2803.325944587, 0.987129583,
2803.366807996, 0.986984696,
2803.387239801, 0.987234232,
2803.407671507, 0.986651178,
2803.428103212, 0.987390784,
2803.448534917, 0.987595475,
2803.468966623, 0.987294701,
2803.489398329, 0.986882159,
2803.509830034, 0.987197761,
2803.530261740, 0.987114162,
2803.550693546, 0.987171492,
2803.571125253, 0.986859740,
2803.611988666, 0.987361228,
2803.632420372, 0.987009794,
2803.652851979, 0.987087000,
2803.673283786, 0.987181417,
2803.693715493, 0.987049668,
2803.714147101, 0.987463637,
2803.734578908, 0.987679559,
2803.755010616, 0.987215595,
2803.775442423, 0.987033139,
2803.795874031, 0.987305919,
2803.816305739, 0.986875680,
2803.857169156, 0.987040806,
2803.877600764, 0.986811135,
2803.898032573, 0.986839028,
2803.918464282, 0.987415985,
2803.938896091, 0.986406538,
2803.959327700, 0.987095955,
2803.979759409, 0.987188262,
2804.000191218, 0.986896351,
2804.020622828, 0.986480163,
2804.041054537, 0.986940024,
2804.061486347, 0.986794786,
2804.102349767, 0.986538548,
2804.122781477, 0.986598806,
2804.143213188, 0.986793461,
2804.163644898, 0.986962187,
2804.184076609, 0.987196204,
2804.204508320, 0.987103040,
2804.224940131, 0.987035758,
2804.245371742, 0.986613187,
2804.265803453, 0.986885892,
2804.286235264, 0.986404975,
2804.306666876, 0.987007883,
2804.327098688, 0.987008458,
2804.347530400, 0.987877080,
2804.367962012, 0.986503680,
2804.388393824, 0.986692582,
2804.408825536, 0.986306722,
2804.429257149, 0.986441108,
2804.449688961, 0.986559425,
2804.470120674, 0.986718880,
2804.490552387, 0.986459296,
2804.510984100, 0.986517121,
2804.531415713, 0.986644269,
2804.551847527, 0.986568232,
2804.592710954, 0.986845896,
2804.613142668, 0.986703207,
2804.633574382, 0.986728421,
2804.654006196, 0.986076377,
2804.674437810, 0.986282211,
2804.694869525, 0.986250127,
2804.715301339, 0.987071839,
2804.735733054, 0.986699630,
2804.756164669, 0.985999448,
2804.776596484, 0.986182959,
2804.797028200, 0.986547173,
2804.837891631, 0.985520819,
2804.858323346, 0.986242691,
2804.878755162, 0.986312130,
2804.899186778, 0.986287851,
2804.919618494, 0.986606117,
2804.940050311, 0.986135384,
2804.960481927, 0.986516078,
2804.980913644, 0.986211159,
2805.001345461, 0.986401468,
2805.021777078, 0.986749323,
2805.042208895, 0.986968332,
2805.083072230, 0.986458892,
2805.103504047, 0.986873668,
2805.123935765, 0.986201013,
2805.144367383, 0.986430927,
2805.164799201, 0.986534485,
2805.185230919, 0.986225871,
2805.205662638, 0.986325004,
2805.226094356, 0.987682273,
2805.246526075, 0.986861812,
2805.266957794, 0.986556363,
2805.287389513, 0.986394304,
2805.328252952, 0.986514332,
2805.348684671, 0.986731548,
2805.369116491, 0.986121017,
2805.389548111, 0.986560846,
2805.409979831, 0.986071828,
2805.430411651, 0.986252040,
2805.450843371, 0.986238701,
2805.471274992, 0.987009411,
2805.491706813, 0.986873595,
2805.512138533, 0.986638708,
2805.532570154, 0.986770298,
2805.573433697, 0.986805869,
2805.593865518, 0.986623335,
2805.614297140, 0.986313837,
2805.634728862, 0.986455485,
2805.655160684, 0.986210930,
2805.675592306, 0.986690346,
2805.696024028, 0.986334933,
2805.716455851, 0.987032291,
2805.736887473, 0.986182375,
2805.757319296, 0.986444837,
2805.777751019, 0.986652525,
2805.818614466, 0.986684091,
2805.839046189, 0.986511754,
2805.859477913, 0.986377975,
2805.879909637, 0.986542227,
2805.900341361, 0.986399257,
2805.920773085, 0.986304652,
2805.941204809, 0.985668873,
2805.961636534, 0.986188239,
2805.982068258, 0.986576128,
2806.002499983, 0.985894879,
2806.022931708, 0.986074535,
2806.063795158, 0.986120715,
2806.084226884, 0.985936397,
2806.104658710, 0.986263542,
2806.125090335, 0.986097616,
2806.145522161, 0.986225061,
2806.165953888, 0.986061827,
2806.186385514, 0.986226776,
2806.206817340, 0.986423315,
2806.227249067, 0.986212862,
2806.247680694, 0.986431921,
2806.268112521, 0.985681069,
2806.288544248, 0.985779073,
2806.308976075, 0.985731150,
2806.329407703, 0.986200860,
2806.349839431, 0.986150165,
2806.370271259, 0.986281869,
2806.390702887, 0.985493279,
2806.411134615, 0.986040463,
2806.431566443, 0.986185963,
2806.451998072, 0.985729050,
2806.472429900, 0.985313914,
2806.492861629, 0.986135120,
2806.513293358, 0.985527988,
2806.554156817, 0.985823746,
2806.574588447, 0.986016166,
2806.595020277, 0.986588054,
2806.615452006, 0.985533051,
2806.635883637, 0.985476136,
2806.656315467, 0.985897077,
2806.676747197, 0.985603072,
2806.697178928, 0.985823343,
2806.717610659, 0.985443713,
2806.738042390, 0.985792064,
2806.758474221, 0.985912089,
2806.799337584, 0.985504639,
2806.819769416, 0.985475829,
2806.840201047, 0.985767691,
2806.860632879, 0.985736703,
2806.881064612, 0.985563773,
2806.901496244, 0.986140116,
2806.921928077, 0.985259050,
2806.942359809, 0.985265173,
2806.962791442, 0.986132130,
2806.983223276, 0.985838676,
2807.003655009, 0.985513672,
2807.044518476, 0.985856117,
2807.064950210, 0.985665825,
2807.085382044, 0.986117633,
2807.105813678, 0.985561973,
2807.126245412, 0.985576515,
2807.146677247, 0.985550950,
2807.167108882, 0.985434622,
2807.187540716, 0.985831245,
2807.207972452, 0.986001653,
2807.228404087, 0.986010627,
2807.248835922, 0.985848129,
2807.289699294, 0.985914728,
2807.310131130, 0.985655497,
2807.330562866, 0.985678053,
2807.350994502, 0.986024033,
2807.371426339, 0.985967969,
2807.391858075, 0.985569209,
2807.412289912, 0.985911297,
2807.432721549, 0.985938272,
2807.453153287, 0.985956106,
2807.473585124, 0.985345552,
2807.494016762, 0.985689761,
2807.534880337, 0.985451694,
2807.555311976, 0.985910590,
2807.575743814, 0.986048715,
2807.596175553, 0.985982303,
2807.616607191, 0.985842372,
2807.637039030, 0.986323226,
2807.657470769, 0.985873431,
2807.677902409, 0.985957113,
2807.698334248, 0.985219653,
2807.718765988, 0.985279644,
2807.739197828, 0.985630822,
2807.780061208, 0.985793018,
2807.800493048, 0.985512547,
2807.820924689, 0.986488728,
2807.841356429, 0.985363650,
2807.861788270, 0.986013858,
2807.882220011, 0.985487561,
2807.902651653, 0.984825332,
2807.923083494, 0.985838128,
2807.943515236, 0.985536407,
2807.963946978, 0.985069166,
2807.984378720, 0.985428624,
2808.025242205, 0.985095200,
2808.045673947, 0.985582818,
2808.066105590, 0.985068534,
2808.086537433, 0.985488355,
2808.106969176, 0.985748179,
2808.127401020, 0.985627060,
2808.147832663, 0.985364052,
2808.168264407, 0.985350204,
2808.188696251, 0.985943432,
2808.209127895, 0.985147156,
2808.229559640, 0.985678988,
2808.270423129, 0.985433961,
2808.290854974, 0.985227785,
2808.311286719, 0.985426881,
2808.331718364, 0.985408251,
2808.352150210, 0.985350066,
2808.372581955, 0.985460681,
2808.393013701, 0.985464720,
2808.413445447, 0.985607857,
2808.433877194, 0.985335599,
2808.454308940, 0.985490545,
2808.474740687, 0.985652000,
2808.515604280, 0.984735008,
2808.536036028, 0.985194549,
2808.556467675, 0.984762645,
2808.576899523, 0.985139548,
2808.597331170, 0.985354417,
2808.617762919, 0.984881860,
2808.638194767, 0.985293629,
2808.658626415, 0.984982724,
2808.679058264, 0.985641309,
2808.699490012, 0.985490407,
2808.719921661, 0.985185196,
2808.740353511, 0.985400096,
2808.760785260, 0.986228069,
2808.781216909, 0.984926405,
2808.801648759, 0.985031091,
2808.822080509, 0.985140050,
2808.842512359, 0.985448537,
2808.862944010, 0.985312839,
2808.883375760, 0.985186095,
2808.903807611, 0.984964835,
2808.924239262, 0.985267388,
2808.944671013, 0.985041332,
2808.965102864, 0.985371372,
2809.005966368, 0.985438999,
2809.026398119, 0.985061572,
2809.046829772, 0.985543975,
2809.067261624, 0.984799642,
2809.087693376, 0.985316387,
2809.108125129, 0.985332167,
2809.128556882, 0.984663110,
2809.148988635, 0.985030566,
2809.169420388, 0.984673967,
2809.189852242, 0.985196561,
2809.210283896, 0.984976542,
2809.230715750, 0.984863108,
2809.251147404, 0.985188046,
2809.271579158, 0.985000233,
2809.292011012, 0.984983734,
2809.312442667, 0.984776198,
2809.332874422, 0.984463019,
2809.353306277, 0.984446979,
2809.373737933, 0.985239040,
2809.394169788, 0.984688884,
2809.414601544, 0.985283989,
2809.435033200, 0.984798531,
2809.455465056, 0.985133440,
2809.496328469, 0.984900817,
2809.516760326, 0.984982567,
2809.537192082, 0.985232326,
2809.557623940, 0.984898583,
2809.578055597, 0.984755088,
2809.598487354, 0.985326407,
2809.618919212, 0.985313116,
2809.639350870, 0.985117466,
2809.659782628, 0.985181322,
2809.680214487, 0.984441401,
2809.700646245, 0.984741590,
2809.741509763, 0.985176509,
2809.761941522, 0.984885203,
2809.782373282, 0.984903347,
2809.802805041, 0.984407269,
2809.823236801, 0.984871394,
2809.843668561, 0.985237923,
2809.864100321, 0.984779626,
2809.884532082, 0.984775850,
2809.904963942, 0.984881372,
2809.925395603, 0.984992384,
2809.945827464, 0.984705046,
2810.007122748, 0.985019807,
2810.027554410, 0.984667080,
2810.047986172, 0.984866924,
2810.068418035, 0.984783644,
2810.088849697, 0.984725134,
2810.109281560, 0.984356512,
2810.129713323, 0.985253650,
2810.150144986, 0.984977793,
2810.170576849, 0.984466359,
2810.191008613, 0.985615571,
2810.211440277, 0.984001792,
2810.231872141, 0.984496843,
2810.252303905, 0.984555144,
2810.272735769, 0.984964502,
2810.293167434, 0.984599529,
2810.313599199, 0.984753730,
2810.334031064, 0.985123455,
2810.354462729, 0.984791185,
2810.374894494, 0.984625451,
2810.395326360, 0.984392957,
2810.415758126, 0.984514000,
2810.436189892, 0.984880858,
2810.456621658, 0.984725145,
2810.477053425, 0.984599234,
2810.497485191, 0.984226330,
2810.517916958, 0.984814245,
2810.538348726, 0.984698195,
2810.558780593, 0.984334663,
2810.579212260, 0.984779976,
2810.599644028, 0.984588531,
2810.620075796, 0.984687460,
2810.640507564, 0.985238691,
2810.660939433, 0.984297715,
2810.681371101, 0.984044274,
2810.722234739, 0.984564732,
2810.742666409, 0.984594843,
2810.763098178, 0.984907466,
2810.783530048, 0.984680872,
2810.803961718, 0.984779791,
2810.824393588, 0.984371687,
2810.844825358, 0.984720345,
2810.865257029, 0.984617440,
2810.885688900, 0.984213874,
2810.906120671, 0.985036501,
2810.926552442, 0.984294276,
2810.967415985, 0.984836279,
2810.987847857, 0.984762644,
2811.008279529, 0.985199397,
2811.028711301, 0.984625912,
2811.049143174, 0.984567910,
2811.069574947, 0.985130627,
2811.090006620, 0.984178653,
2811.110438493, 0.984284375,
2811.130870266, 0.985033724,
2811.151302040, 0.984675237,
2811.171733814, 0.984425022,
2811.212597462, 0.984706227,
2811.233029137, 0.984492499,
2811.253460911, 0.984642829,
2811.273892686, 0.985380544,
2811.294324461, 0.984641332,
2811.314756237, 0.985005875,
2811.335188012, 0.984988449,
2811.355619788, 0.984906183,
2811.376051664, 0.984685014,
2811.396483341, 0.984499841,
2811.416915117, 0.985196300,
2811.437346994, 0.984638543,
2811.457778671, 0.985053167,
2811.478210448, 0.984288978,
2811.498642325, 0.984417739,
2811.519074003, 0.984373863,
2811.539505881, 0.984957138,
2811.559937659, 0.984686195,
2811.580369437, 0.984860816,
2811.600801216, 0.984375513,
2811.621232994, 0.984285782,
2811.641664773, 0.984833771,
2811.662096552, 0.984365854,
2811.702960211, 0.984484537,
2811.723391991, 0.984548929,
2811.743823671, 0.985451911,
2811.764255552, 0.984424049,
2811.784687332, 0.984682133,
2811.805119013, 0.984496130,
2811.825550894, 0.984843744,
2811.845982675, 0.985027238,
2811.866414457, 0.984388232,
2811.886846238, 0.983880062,
2811.907278020, 0.984233174,
2811.948141585, 0.984188352,
2811.968573367, 0.984315803,
2811.989005150, 0.984137375,
2812.009436933, 0.983915047,
2812.029868616, 0.983771944,
2812.050300500, 0.984245226,
2812.070732283, 0.983900124,
2812.091164167, 0.983693265,
2812.111595851, 0.984202525,
2812.132027636, 0.983710096,
2812.152459520, 0.983470615,
2812.193322990, 0.983603046,
2812.213754876, 0.983428100,
2812.234186561, 0.983918096,
2812.254618447, 0.983863842,
2812.275050233, 0.983979474,
2812.295482019, 0.983715291,
2812.315913806, 0.983765085,
2812.336345592, 0.983606536,
2812.356777379, 0.983996647,
2812.377209267, 0.983433273,
2812.397640954, 0.984086519,
2812.418072841, 0.983714111,
2812.438504629, 0.983590560,
2812.458936317, 0.983748695,
2812.479368206, 0.984214371,
2812.499799994, 0.984073682,
2812.520231683, 0.984113412,
2812.540663572, 0.984147677,
2812.561095361, 0.983378246,
2812.581527251, 0.983996045,
2812.601958940, 0.983919479,
2812.622390730, 0.983590420,
2812.642822521, 0.984347033,
2812.683686102, 0.984600184,
2812.704117892, 0.984331728,
2812.724549684, 0.984693990,
2812.744981475, 0.984101511,
2812.765413267, 0.984446868,
2812.785845058, 0.984561649,
2812.806276950, 0.984469462,
2812.826708643, 0.984458537,
2812.847140435, 0.984310211,
2812.867572328, 0.985040670,
2812.888004021, 0.984747750,
2812.908435814, 0.984852077,
2812.928867708, 0.984255420,
2812.949299501, 0.984868577,
2812.969731295, 0.985085521,
2812.990163090, 0.984899530,
2813.010594884, 0.984935489,
2813.031026679, 0.985207049,
2813.051458474, 0.984750518,
2813.071890269, 0.985839171,
2813.092322164, 0.984576179,
2813.112753860, 0.984583705,
2813.133185756, 0.984886024,
2813.174049248, 0.984738576,
2813.194481145, 0.984897803,
2813.214912941, 0.985261396,
2813.235344638, 0.985305460,
2813.255776536, 0.985131372,
2813.276208333, 0.984846450,
2813.296640131, 0.984813849,
2813.317071929, 0.984866802,
2813.337503727, 0.985202656,
2813.357935526, 0.985528042,
2813.378367324, 0.985039589,
2813.419230923, 0.985696276,
2813.439662722, 0.985658310,
2813.460094522, 0.984739859,
2813.480526322, 0.985304066,
2813.500958122, 0.985634356,
2813.521390022, 0.985226693,
2813.541821723, 0.985118851,
2813.562253524, 0.985317726,
2813.582685425, 0.984939037,
2813.603117226, 0.985343671,
2813.623548928, 0.985389598,
2813.664412632, 0.986170492,
2813.684844435, 0.985570279,
2813.705276237, 0.985725412,
2813.725708040, 0.985041984,
2813.746139943, 0.985376706,
2813.766571646, 0.986332103,
2813.787003450, 0.985530176,
2813.807435354, 0.985978696,
2813.827867058, 0.985164781,
2813.848298962, 0.985667593,
2813.868730767, 0.985513755,
2813.909594377, 0.985933775,
2813.930026182, 0.985594315,
2813.950457888, 0.985735034,
2813.970889793, 0.986153296,
2813.991321600, 0.985934656,
2814.011753306, 0.985722118,
2814.032185212, 0.986187495,
2814.052616919, 0.986163988,
2814.073048826, 0.985518247,
2814.093480634, 0.986131083,
2814.113912341, 0.985671106,
2814.134344249, 0.985245575,
2814.154776057, 0.985857963,
2814.175207865, 0.985588988,
2814.195639674, 0.985755907,
2814.216071483, 0.986072270,
2814.236503392, 0.986148733,
2814.256935201, 0.985577150,
2814.277366910, 0.986304649,
2814.297798820, 0.985868001,
2814.318230630, 0.986068991,
2814.338662341, 0.985465979,
2814.359094251, 0.985453649,
2814.399957973, 0.985671564,
2814.420389684, 0.985800300,
2814.440821496, 0.985774889,
2814.461253408, 0.986112919,
2814.481685120, 0.985996581,
2814.502116932, 0.985757275,
2814.522548844, 0.985835055,
2814.542980557, 0.985576059,
2814.563412470, 0.985862033,
2814.583844284, 0.985614561,
2814.604275997, 0.985359252,
2814.645139725, 0.985870395,
2814.665571439, 0.985596437,
2814.686003354, 0.986159948,
2814.706435169, 0.985528190,
2814.726866984, 0.985057993,
2814.747298799, 0.986297413,
2814.767730615, 0.985916193,
2814.788162431, 0.985852394,
2814.808594247, 0.986172869,
2814.829026063, 0.986545380,
2814.849457880, 0.986039519,
2814.890321514, 0.986437529,
2814.910753331, 0.986146121,
2814.931185149, 0.986129470,
2814.951617067, 0.986869501,
2814.972048885, 0.985768168,
2814.992480603, 0.986404368,
2815.012912522, 0.986838146,
2815.033344341, 0.986133188,
2815.053776060, 0.986717877,
2815.074207980, 0.985745205,
2815.094639799, 0.985850606,
2815.135503439, 0.986394823,
2815.155935260, 0.986413952,
2815.176367181, 0.986265626,
2815.196798902, 0.986120002,
2815.217230723, 0.986138750,
2815.237662644, 0.986370147,
2815.258094366, 0.986041054,
2815.278526288, 0.986388345,
2815.298958111, 0.985970444,
2815.319389833, 0.986409413,
2815.339821756, 0.986326630,
2815.380685302, 0.986123991,
2815.401117226, 0.985499574,
2815.421548950, 0.986253878,
2815.441980774, 0.986113206,
2815.462412698, 0.986469608,
2815.482844523, 0.986230198,
2815.503276348, 0.987093335,
2815.523708173, 0.986285500,
2815.544139998, 0.986398045,
2815.564571824, 0.986337007,
2815.585003650, 0.986336058,
2815.625867403, 0.985514151,
2815.646299130, 0.986032848,
2815.666731057, 0.986650959,
2815.687162884, 0.986532549,
2815.707594611, 0.986236814,
2815.728026539, 0.986487340,
2815.748458367, 0.986609599,
2815.768890095, 0.986619707,
2815.789322024, 0.986408020,
2815.809753853, 0.986861140,
2815.830185782, 0.987066216,
2815.891481271, 0.986586361,
2815.911913001, 0.986907858,
2815.932344832, 0.986485863,
2815.952776762, 0.986609734,
2815.973208493, 0.985732850,
2815.993640425, 0.986755576,
2816.014072256, 0.986468447,
2816.034504088, 0.986501802,
2816.054935920, 0.986343965,
2816.075367652, 0.986228710,
2816.116231418, 0.986083754,
2816.136663251, 0.986707800,
2816.157094984, 0.986224511,
2816.177526918, 0.986415115,
2816.197958752, 0.986670413,
2816.218390586, 0.986105505,
2816.238822420, 0.986646609,
2816.259254255, 0.985865727,
2816.279686190, 0.986859040,
2816.300117925, 0.986134932,
2816.320549761, 0.986733905,
2816.361413433, 0.986136340,
2816.381845369, 0.985640926,
2816.402277206, 0.985975543,
2816.422708943, 0.986170473,
2816.443140880, 0.988484488,
2816.463572717, 0.986278074,
2816.484004455, 0.986062944,
2816.504436393, 0.986214940,
2816.524868231, 0.985697305,
2816.545300170, 0.986345294,
2816.565731909, 0.986333972,
2816.606595687, 0.986836353,
2816.627027427, 0.986647233,
2816.647459266, 0.986362962,
2816.667891207, 0.986414103,
2816.688322947, 0.986122031,
2816.708754888, 0.985913302,
2816.729186729, 0.986662634,
2816.749618470, 0.985962631,
2816.770050411, 0.986572584,
2816.790482253, 0.987054555,
2816.810913995, 0.985965330,
2816.851777780, 0.986336766,
2816.872209523, 0.985800470,
2816.892641466, 0.986160210,
2816.913073310, 0.986749049,
2816.933505154, 0.986570923,
2816.953936998, 0.986606391,
2816.974368842, 0.986848282,
2816.994800786, 0.986654972,
2817.015232531, 0.986311308,
2817.035664376, 0.986512198,
2817.056096322, 0.986197416,
2817.096960013, 0.986586323,
2817.117391860, 0.986696129,
2817.137823606, 0.986868689,
2817.158255553, 0.986692156,
2817.178687400, 0.986392471,
2817.199119147, 0.986365323,
2817.219551095, 0.986679247,
2817.239982943, 0.986177247,
2817.260414891, 0.987138923,
2817.280846639, 0.986297435,
2817.301278488, 0.986515206,
2817.342142186, 0.986587817,
2817.362574036, 0.986394010,
2817.383005986, 0.987018311,
2817.403437736, 0.986406928,
2817.423869686, 0.986366263,
2817.444301537, 0.986410961,
2817.464733288, 0.986445763,
2817.485165239, 0.986186505,
2817.505597091, 0.986804665,
2817.526028842, 0.986437668,
2817.546460795, 0.986628420,
2817.566892647, 0.986537610,
2817.587324400, 0.986998919,
2817.607756353, 0.986030290,
2817.628188206, 0.986878983,
2817.648620159, 0.986683731,
2817.669051913, 0.986115420,
2817.689483767, 0.986189307,
2817.709915721, 0.986231016,
2817.730347476, 0.986767459,
2817.750779331, 0.986245677,
2817.771211286, 0.986221965,
2817.791643042, 0.986448758,
2817.832506853, 0.986369277,
2817.852938610, 0.986666217,
2817.873370566, 0.986559730,
2817.893802423, 0.986150371,
2817.914234281, 0.986426741,
2817.934666138, 0.986041853,
2817.955097996, 0.986233153,
2817.975529954, 0.986316197,
2817.995961712, 0.986160839,
2818.016393571, 0.985579265,
2818.036825530, 0.986183699,
2818.077689148, 0.986202641,
2818.098121008, 0.986043067,
2818.118552868, 0.986131036,
2818.138984829, 0.985261996,
2818.159416689, 0.985981593,
2818.179848450, 0.986469859,
2818.200280411, 0.985973543,
2818.220712273, 0.986611983,
2818.241144035, 0.986002202,
2818.261575997, 0.986403057,
2818.282007859, 0.986163681,
2818.302439622, 0.986660240,
2818.322871585, 0.985509509,
2818.343303448, 0.986767448,
2818.363735411, 0.986062385,
2818.384167175, 0.986480793,
2818.404599039, 0.986370320,
2818.425031004, 0.986595367,
2818.445462768, 0.985902249,
2818.465894633, 0.986033341,
2818.486326599, 0.986000321,
2818.506758364, 0.985649337,
2818.527190330, 0.986140092,
2818.568053963, 0.986210977,
2818.588485929, 0.986366261,
2818.608917796, 0.986314161,
2818.629349664, 0.985968188,
2818.649781531, 0.985716082,
2818.670213399, 0.985653477,
2818.690645267, 0.986661209,
