BJD - 2454833, Corrected Flux
2061.305485041, 1.010756873,
2061.325917228, 1.011827352,
2061.346349315, 1.011113371,
2061.387213486, 1.010556573,
2061.407645571, 1.010452501,
2061.428077757, 1.010533660,
2061.489374008, 1.011425144,
2061.509805991, 1.011034075,
2061.530238074, 1.011013541,
2061.550670256, 1.010897283,
2061.571102338, 1.011131300,
2061.591534320, 1.010440353,
2061.611966501, 1.010754966,
2061.632398581, 1.010056153,
2061.652830561, 1.009855645,
2061.673262741, 1.009478481,
2061.693694821, 1.009471615,
2061.714126900, 1.010401628,
2061.734558978, 1.009026537,
2061.754991056, 1.008586164,
2061.775423134, 1.008469770,
2061.795855211, 1.008059370,
2061.816287288, 1.007269097,
2061.836719364, 1.007952070,
2061.857151440, 1.007190210,
2061.877583416, 1.006433472,
2061.898015591, 1.006034373,
2061.918447666, 1.005740682,
2061.938879740, 1.005488096,
2061.959311814, 1.005767185,
2061.979743888, 1.004479854,
2062.000176061, 1.004927274,
2062.020608033, 1.004037279,
2062.041040106, 1.002979833,
2062.061472278, 1.003782425,
2062.081904249, 1.003385968,
2062.102336320, 1.002758540,
2062.122768491, 1.002493183,
2062.143200561, 1.001901690,
2062.163632531, 1.000814328,
2062.224928737, 1.001062047,
2062.245360906, 1.000994676,
2062.265792973, 1.002547129,
2062.286224941, 1.001524006,
2062.306657107, 1.000668621,
2062.327089174, 0.999740337,
2062.347521340, 1.002349101,
2062.367953306, 0.998754754,
2062.388385371, 0.998081821,
2062.408817536, 0.998217706,
2062.429249500, 0.997533783,
2062.449681564, 0.997314761,
2062.470113628, 0.997085238,
2062.490545691, 0.997082454,
2062.510977754, 0.996811280,
2062.531409816, 0.996539933,
2062.551841878, 0.996162144,
2062.572273939, 0.995580632,
2062.592706001, 0.995615968,
2062.613138061, 0.995036114,
2062.633570121, 0.995993276,
2062.654002281, 0.995203292,
2062.674434241, 0.994983933,
2062.694866400, 0.994163146,
2062.715298459, 0.994721519,
2062.735730417, 0.994425377,
2062.756162575, 0.994508676,
2062.776594632, 0.992948393,
2062.797026589, 0.993721838,
2062.817458746, 0.992788801,
2062.837890802, 0.993503663,
2062.858322758, 0.993105800,
2062.878754913, 0.992636861,
2062.899186968, 0.992928946,
2062.919618923, 0.992917929,
2062.940051077, 0.992640821,
2062.960483131, 0.992459117,
2062.980915184, 0.991722921,
2063.001347237, 0.993003063,
2063.021779289, 0.992084587,
2063.042211342, 0.992315288,
2063.062643393, 0.992195748,
2063.083075444, 0.991667645,
2063.103507595, 0.991848073,
2063.123939646, 0.991981248,
2063.144371596, 0.991877942,
2063.164803746, 0.991253603,
2063.185235795, 0.992248235,
2063.205667744, 0.992451742,
2063.226099892, 0.992726655,
2063.246531840, 0.992846668,
2063.266963888, 0.992495450,
2063.287396035, 0.992688774,
2063.307827982, 0.992959131,
2063.328260028, 0.992596796,
2063.348692174, 0.992563084,
2063.369124120, 0.993058841,
2063.389556165, 0.992890445,
2063.409988310, 0.993078542,
2063.430420254, 0.992834332,
2063.450852299, 0.993101581,
2063.471284442, 0.993327985,
2063.491716485, 0.992780051,
2063.512148528, 0.993243259,
2063.532580570, 0.992568869,
2063.553012612, 0.992606519,
2063.573444654, 0.993548057,
2063.593876695, 0.994154937,
2063.614308736, 0.993075010,
2063.634740876, 0.992854474,
2063.696036995, 0.993332956,
2063.716468934, 0.992976646,
2063.736900972, 0.994428534,
2063.757333110, 0.993911021,
2063.777765048, 0.994262750,
2063.798197085, 0.994030314,
2063.818629222, 0.994169116,
2063.839061158, 0.994369238,
2063.859493194, 0.994510051,
2063.879925329, 0.994768782,
2063.900357265, 0.994491583,
2063.920789399, 0.993878640,
2063.941221433, 0.994563495,
2063.961653367, 0.994335615,
2063.982085501, 0.994518427,
2064.002517534, 0.993819285,
2064.022949467, 0.993731709,
2064.043381599, 0.994034134,
2064.063813631, 0.994927002,
2064.084245563, 0.993943833,
2064.104677694, 0.994013614,
2064.125109725, 0.993693545,
2064.554182279, 0.993282575,
2064.574614401, 0.993245068,
2064.595046422, 0.993397161,
2064.615478343, 0.993637231,
2064.635910464, 0.993329282,
2064.656342485, 0.992728091,
2064.738070463, 0.992449535,
2064.758502581, 0.992004387,
2064.778934499, 0.992103615,
2064.799366617, 0.995648749,
2064.819798634, 0.993112197,
2064.840230651, 0.992239567,
2064.860662667, 0.992046094,
2064.921958715, 0.991021534,
2064.942390730, 0.990756492,
2064.962822744, 0.991300325,
2064.983254858, 0.990245535,
2065.003686772, 0.989921116,
2065.024118785, 0.989544481,
2065.044550898, 0.989097784,
2065.064982811, 0.988748147,
2065.085414823, 0.989330691,
2065.105846935, 0.989175224,
2065.126278846, 0.988289581,
2065.146710857, 0.988768560,
2065.187574878, 0.987748345,
2065.208006988, 0.988018633,
2065.228438998, 0.987208419,
2065.248870906, 0.987520382,
2065.269303015, 0.987591939,
2065.289735024, 0.988067622,
2065.310167032, 0.987377604,
2065.330599039, 0.987879691,
2065.351031046, 0.988089055,
2065.371463053, 0.987451857,
2065.391895059, 0.987246354,
2065.412327065, 0.986818411,
2065.432759071, 0.987854675,
2065.453191076, 0.987432947,
2065.473623081, 0.987917223,
2065.494054985, 0.987051473,
2065.514487089, 0.986916477,
2065.534919092, 0.987395774,
2065.555350996, 0.986680808,
2065.575783099, 0.987138573,
2065.596215101, 0.987049590,
2065.657511106, 0.986763598,
2065.677943207, 0.986312030,
2065.698375108, 0.986737610,
2065.718807108, 0.986706011,
2065.739239208, 0.986848102,
2065.759671107, 0.987347549,
2065.780103106, 0.989889548,
2065.800535204, 0.989267800,
2065.820967203, 0.989465051,
2065.841399101, 0.989772025,
2065.861831198, 0.989758522,
2065.882263195, 0.989420569,
2065.902695092, 0.988700751,
2065.923127188, 0.988498935,
2065.943559184, 0.989119518,
2065.963991080, 0.989891333,
2065.984423174, 0.990675175,
2066.004855169, 0.990804731,
2066.025287064, 0.991406860,
2066.045719158, 0.991576618,
2066.066151151, 0.992637668,
2066.086583245, 0.994781003,
2066.147879122, 0.995026935,
2066.168311114, 0.995181330,
2066.188743105, 0.995704415,
2066.209175096, 0.995504712,
2066.229607086, 0.997085834,
2066.250039076, 0.997104910,
2066.270471066, 0.996415914,
2066.290903055, 0.996954407,
2066.311335045, 0.997693645,
2066.331767134, 0.998566809,
2066.393063097, 0.999652925,
2066.413494984, 0.999941950,
2066.433926971, 1.000766895,
2066.454359057, 1.000532241,
2066.474790943, 1.000503605,
2066.495222929, 1.001560646,
2066.515655014, 1.001057370,
2066.536086899, 1.001861227,
2066.556518983, 1.001816263,
2066.576950967, 1.003471832,
2066.597382851, 1.003395388,
2066.617814935, 1.004106538,
2066.638246917, 1.004326945,
2066.658678900, 1.005110239,
2066.679110882, 1.005724037,
2066.699542864, 1.006231205,
2066.719974845, 1.006484262,
2066.740406826, 1.006342304,
2066.760838807, 1.006974340,
2066.781270787, 1.007438802,
2066.801702867, 1.007931573,
2066.822134747, 1.008401113,
2066.862998705, 1.009508358,
2066.883430683, 1.009883167,
2066.903862661, 1.009737863,
2066.924294739, 1.011265583,
2066.944726616, 1.010549721,
2066.965158493, 1.011365068,
2066.985590570, 1.011066104,
2067.006022546, 1.010766941,
2067.026454622, 1.011112683,
2067.046886497, 1.011266543,
2067.067318472, 1.011729969,
2067.087750547, 1.012032037,
2067.108182421, 1.012602254,
2067.128614395, 1.013381578,
2067.149046468, 1.014778203,
2067.169478441, 1.013214122,
2067.189910314, 1.013564786,
2067.210342387, 1.012704715,
2067.230774359, 1.012216526,
2067.251206231, 1.012369697,
2067.271638302, 1.012663098,
2067.292070273, 1.012676783,
2067.312502143, 1.012739530,
2067.353366183, 1.013105076,
2067.373798053, 1.013361344,
2067.394230122, 1.013077257,
2067.414662090, 1.013711839,
2067.435093959, 1.013540994,
2067.455526026, 1.014283467,
2067.475957994, 1.014052628,
2067.496390061, 1.014044126,
2067.516821928, 1.013225889,
2067.537253895, 1.012960982,
2067.557685961, 1.012994836,
2067.578117827, 1.012749570,
2067.598549792, 1.012193023,
2067.618981757, 1.012491114,
2067.639413821, 1.012209144,
2067.659845685, 1.012010699,
2067.680277650, 1.011632745,
2067.700709613, 1.010650313,
2067.721141576, 1.010577852,
2067.741573639, 1.010329614,
2067.762005501, 1.011327939,
2067.782437463, 1.010795675,
2067.802869525, 1.010542564,
2067.864165408, 1.010199494,
2067.884597268, 1.010481780,
2067.905029327, 1.009940525,
2067.925461287, 1.010017538,
2067.945893146, 1.009409438,
2067.966325205, 1.009566600,
2067.986757163, 1.008727053,
2068.007189121, 1.008737371,
2068.027621079, 1.007493936,
2068.048053036, 1.007592259,
2068.129780861, 1.007896627,
2068.150212917, 1.007462159,
2068.170644772, 1.007640742,
2068.191076726, 1.006559215,
2068.211508781, 1.005941989,
2068.231940634, 1.005988021,
2068.252372588, 1.005100251,
2068.272804641, 1.005018556,
2068.293236494, 1.004318298,
2068.313668447, 1.003880826,
2068.334100499, 1.004268810,
2068.354532351, 1.003941623,
2068.374964402, 1.002541659,
2068.395396253, 1.002674247,
2068.415828204, 1.002161963,
2068.436260254, 1.001896522,
2068.456692104, 1.001519718,
2068.477124054, 1.000883146,
2068.497556103, 1.000476871,
2068.517987952, 0.999964207,
2068.538419900, 0.999855448,
2068.558851948, 0.999872716,
2068.579283896, 0.999419009,
2068.599715743, 0.998446069,
2068.620147790, 0.998726840,
2068.640579737, 0.998445040,
2068.661011583, 0.998180065,
2068.681443629, 0.997679540,
2068.701875575, 0.997570473,
2068.722307420, 0.997109480,
2068.742739465, 0.996767392,
2068.763171409, 0.996452440,
2068.783603453, 0.996707428,
2068.844899284, 0.996837927,
2068.865331127, 0.995684111,
2068.885763069, 0.996456163,
2068.906195111, 0.995044750,
2068.926626952, 0.994923729,
2068.947058894, 0.993995239,
2068.967490935, 0.994360349,
2068.987922875, 0.993660496,
2069.008354715, 0.993794282,
2069.028786755, 0.993905364,
2069.049218695, 0.993166260,
2069.069650534, 0.993185355,
2069.090082573, 0.993143837,
2069.110514411, 0.992927445,
2069.130946349, 0.992269827,
2069.151378387, 0.992575863,
2069.171810324, 0.992804322,
2069.192242161, 0.991911305,
2069.212674198, 0.992202753,
2069.233106034, 0.992856304,
2069.253538070, 0.991930233,
2069.273970005, 0.991503035,
2069.314833875, 0.991500416,
2069.335265810, 0.991982030,
2069.355697644, 0.991699533,
2069.376129677, 0.991578210,
2069.396561611, 0.990877729,
2069.416993544, 0.991508144,
2069.437425477, 0.990638354,
2069.457857409, 0.990551725,
2069.478289341, 0.990445359,
2069.498721273, 0.990407809,
2069.519153204, 0.990180446,
2069.580448996, 0.992949887,
2069.621312955, 0.991200188,
2069.641744784, 0.991386528,
2069.662176813, 0.990068134,
2069.682608742, 0.990937783,
2069.703040569, 0.991784335,
2069.723472597, 0.991397904,
2069.743904525, 0.991866738,
2069.764336351, 0.991900846,
2069.784768378, 0.991207675,
2069.805200305, 0.991708772,
2069.825632131, 0.991140785,
2069.846064156, 0.991325608,
2069.866495982, 0.993624083,
2069.886928007, 0.991772981,
2069.907359931, 0.991698297,
2069.927791855, 0.991860601,
2069.948223679, 0.994331574,
2069.968655703, 0.995070896,
2069.989087626, 0.995730587,
2070.009519449, 0.994630709,
2070.091247236, 0.992967304,
2070.111679158, 0.992839422,
2070.132111179, 0.992012776,
2070.152542999, 0.992203549,
2070.172974919, 0.992033291,
2070.193406939, 0.991881438,
2070.213838758, 0.991192153,
2070.234270677, 0.991539143,
2070.254702696, 0.991530643,
2070.275134514, 0.992975747,
2070.295566432, 0.992582185,
2070.315998449, 0.991573820,
2070.336430266, 0.992778908,
2070.356862183, 0.992446263,
2070.377294200, 0.992250585,
2070.397726116, 0.991971088,
2070.418157932, 0.992374493,
2070.438589948, 0.993515436,
2070.459021863, 0.991831248,
2070.479453678, 0.992411544,
2070.499885692, 0.992303866,
2070.540749620, 0.992868240,
2070.561181433, 0.993552736,
2070.581613246, 0.992607567,
2070.602045259, 0.993499789,
2070.622477172, 0.991955503,
2070.642908984, 0.992529887,
2070.663340995, 0.991819465,
2070.683772907, 0.992065735,
2070.704204718, 0.991594006,
2070.724636728, 0.992390584,
2070.745068639, 0.992131662,
2070.765500549, 0.991631838,
2070.785932458, 0.992916771,
2070.806364368, 0.991899006,
2070.826796277, 0.992203653,
2070.847228185, 0.992938161,
2070.888092002, 0.991558670,
2070.908524009, 0.992148707,
2070.928955816, 0.991421019,
2070.949387823, 0.991657619,
2070.969819730, 0.991243439,
2070.990251536, 1.008918068,
2071.031115447, 0.990424183,
2071.051547253, 0.988180016,
2071.071979257, 0.989619832,
2071.092411162, 0.987670363,
2071.112842966, 0.987893739,
2071.133274970, 0.987064437,
2071.153706874, 0.987551145,
2071.174138677, 0.987269855,
2071.194570679, 0.988823998,
2071.215002582, 0.989072817,
2071.235434484, 0.989814572,
2071.337593990, 0.990277276,
2071.378457790, 0.988293307,
2071.398889689, 0.987728428,
2071.419321688, 0.988161651,
2071.439753487, 0.987827347,
2071.460185385, 0.987500317,
2071.480617383, 0.987715877,
2071.501049181, 0.987655632,
2071.521481079, 0.987854489,
2071.541913076, 0.987173578,
2071.562344872, 0.986482342,
2071.623640560, 0.985629634,
2071.644072456, 0.985798576,
2071.664504451, 0.985805090,
2071.684936246, 0.985346897,
2071.705368140, 0.985568467,
2071.746232028, 0.984975697,
2071.766663921, 0.984874889,
2071.787095814, 0.985666276,
2071.807527707, 0.985188745,
2071.827959599, 0.986235576,
2071.848391491, 0.989114446,
2071.868823383, 0.988381317,
2071.889255374, 0.989464822,
2071.909687166, 0.990426807,
2071.930119056, 0.990570130,
2071.950551046, 0.988273401,
2071.970982836, 0.988580043,
2072.052710393, 0.990514438,
2072.073142282, 0.991480691,
2072.093574170, 0.991258388,
2072.114006057, 0.990605749,
2072.134437945, 0.991571692,
2072.154869832, 0.991240484,
2072.175301719, 0.992012278,
2072.195733605, 0.991591753,
2072.216165491, 0.993011996,
2072.257029362, 0.992618338,
2072.277461147, 0.992959033,
2072.318325016, 0.995808909,
2072.338756800, 0.994364312,
2072.359188784, 0.994608206,
2072.379620668, 0.993783212,
2072.400052451, 0.994042974,
2072.440916316, 0.995797527,
2072.461348098, 0.995954350,
2072.502211961, 0.995351428,
2072.522643742, 0.996593111,
2072.543075723, 0.997035073,
2072.563507603, 0.997022504,
2072.583939483, 0.997583704,
2072.624803243, 0.998293431,
2072.645235222, 0.998589315,
2072.665667001, 0.999632357,
2072.686098879, 0.999419197,
2072.706530857, 1.000054634,
2072.747394513, 1.001981498,
2072.767826490, 1.001790965,
2072.788258367, 1.001702017,
2072.808690143, 1.002159391,
2072.829122120, 1.002700640,
2072.849553895, 1.003343308,
2072.869985771, 1.003923115,
2072.890417746, 1.003891036,
2072.910849521, 1.004293867,
2072.931281396, 1.004675607,
2072.951713370, 1.005415595,
2072.972145144, 1.005829054,
2072.992577018, 1.005725706,
2073.013008991, 1.005612810,
2073.033440764, 1.007199682,
2073.053872736, 1.007109188,
2073.074304609, 1.007579446,
2073.094736481, 1.007647990,
2073.115168352, 1.007922728,
2073.135600224, 1.008382841,
2073.156032095, 1.009539040,
2073.176463965, 1.010846008,
2073.196895836, 1.009537688,
2073.278623314, 1.010560290,
2073.299055283, 1.012536200,
2073.339918919, 1.013679144,
2073.360350887, 1.012950192,
2073.380782655, 1.012656620,
2073.401214522, 1.012997598,
2073.421646389, 1.011770194,
2073.442078255, 1.012667432,
2073.462510221, 1.012198413,
2073.482941987, 1.012048822,
2073.503373853, 1.012757151,
2073.523805818, 1.013782185,
2073.544237583, 1.015253098,
2073.564669448, 1.014750289,
2073.585101412, 1.015568010,
2073.605533276, 1.014973641,
2073.625965040, 1.012171025,
2073.646397003, 1.011045024,
2073.666828866, 1.011749512,
2073.687260629, 1.012863856,
2073.748556215, 1.013888648,
2073.768988176, 1.015649255,
2073.789420037, 1.014583504,
2073.809851798, 1.014032699,
2073.830283759, 1.014473322,
2073.850715619, 1.014259415,
2073.871147579, 1.013206538,
2073.891579338, 1.013731342,
2073.912011197, 1.013596695,
2073.932443156, 1.013076858,
2074.014170489, 1.012915456,
2074.034602346, 1.013200835,
2074.055034303, 1.012296395,
2074.095897916, 1.012108053,
2074.116329872, 1.011921438,
2074.136761628, 1.011286236,
2074.157193483, 1.011475614,
2074.177625439, 1.010878988,
2074.238921002, 1.010828452,
2074.259352756, 1.010738873,
2074.279784609, 1.011019734,
2074.300216563, 1.009967606,
2074.320648316, 1.009393076,
2074.341080268, 1.009257408,
2074.361512120, 1.008386595,
2074.381943873, 1.007299873,
2074.402375824, 1.007610484,
2074.422807675, 1.007538804,
2074.463671377, 1.006878195,
2074.484103228, 1.006495457,
2074.504535078, 1.006351157,
2074.524966928, 1.005739563,
2074.545398777, 1.005664442,
2074.565830626, 1.004710047,
2074.586262575, 1.004454473,
2074.606694324, 1.004381876,
2074.627126172, 1.004817520,
2074.647558120, 1.004081482,
2074.667989868, 1.003345795,
2074.708853662, 1.002325946,
2074.729285409, 1.002168672,
2074.749717355, 1.001531271,
2074.770149201, 1.001935656,
2074.790580947, 1.001632422,
2074.811012893, 1.000592200,
2074.831444738, 1.000969657,
2074.851876483, 1.000161817,
2074.872308427, 0.999492463,
2074.892740172, 0.999187361,
2074.913172015, 0.998486655,
2074.954035703, 0.998322002,
2074.974467546, 0.998739285,
2074.994899488, 0.998728121,
2075.015331331, 0.997629811,
2075.035763073, 0.996973612,
2075.056195015, 0.997145683,
2075.076626856, 0.996699189,
2075.097058597, 0.996122494,
2075.137922379, 0.994995308,
2075.158354319, 0.994341044,
2075.178786059, 0.994701530,
2075.199217899, 0.994914775,
2075.219649838, 0.994230139,
2075.240081577, 0.993865186,
2075.260513416, 0.993567502,
2075.280945354, 0.993415000,
2075.301377093, 0.994496311,
2075.321808931, 0.994226172,
2075.342240868, 0.992024350,
2075.362672605, 0.991155541,
2075.383104442, 0.993446521,
2075.403536379, 0.993471857,
2075.464831887, 0.992704477,
2075.485263723, 0.992564050,
2075.505695458, 0.992277799,
2075.526127392, 0.991919403,
2075.546559227, 0.991831134,
2075.566991061, 0.991190758,
2075.587422895, 0.991443696,
2075.607854729, 0.990376022,
2075.628286562, 0.990721274,
2075.648718395, 0.990627733,
2075.710013892, 0.993408249,
2075.730445624, 0.992936849,
2075.750877556, 0.992419568,
2075.771309387, 0.992018074,
2075.791741118, 0.991561815,
2075.812173049, 0.991512707,
2075.832604879, 0.991192473,
2075.853036709, 0.990889853,
2075.873468539, 0.991696609,
2075.893900368, 0.990211394,
2075.955195855, 0.992946747,
2075.975627783, 0.991533421,
2075.996059611, 0.991157732,
2076.016491339, 0.991248633,
2076.036923266, 0.991237082,
2076.057355093, 0.991192380,
2076.077786820, 0.991008664,
2076.098218746, 0.991594583,
2076.118650573, 0.990787116,
2076.139082298, 0.990911950,
2076.159514224, 0.993026946,
2076.179946049, 0.991267038,
2076.200377774, 0.991631540,
2076.220809699, 0.991264463,
2076.241241523, 0.991543693,
2076.261673348, 0.991704012,
2076.282105171, 0.991828034,
2076.302536995, 0.991834818,
2076.322968818, 0.991642492,
2076.343400641, 0.991102403,
2076.363832464, 0.992100625,
2076.384264286, 0.992389193,
2076.425127930, 0.992457724,
2076.445559751, 0.991826599,
2076.465991573, 0.994930926,
2076.486423394, 0.989996801,
2076.506855314, 0.989715393,
2076.527287034, 0.989276002,
2076.547718854, 0.989846985,
2076.568150774, 0.989730201,
2076.588582494, 0.989983250,
2076.609014313, 0.990913540,
2076.629446232, 0.992109044,
2076.670309768, 0.992801090,
2076.690741686, 0.992725272,
2076.711173404, 0.992059157,
2076.731605221, 0.992746902,
2076.752037139, 0.993305099,
2076.772468855, 0.993403192,
2076.792900772, 0.992764850,
2076.813332588, 0.992401267,
2076.833764404, 0.992597184,
2076.854196220, 0.992866124,
2076.874628035, 0.992876870,
2076.915491765, 0.994545547,
2076.935923479, 0.993580840,
2076.956355294, 0.993402343,
2076.976787207, 0.993001687,
2076.997218921, 0.993555841,
2077.017650734, 0.993359983,
2077.038082547, 0.993388024,
2077.058514360, 0.993930309,
2077.078946173, 0.993067719,
2077.099377985, 0.993153473,
2077.119809797, 0.993185519,
2077.140241509, 0.992954711,
2077.160673420, 0.993391771,
2077.181105231, 0.993862430,
2077.201537142, 0.994226634,
2077.221968852, 0.994032368,
2077.242400662, 0.993588687,
2077.262832572, 0.991583923,
2077.283264282, 0.993041493,
2077.303696091, 0.995690148,
2077.324128001, 0.993858042,
2077.344559809, 0.993320730,
2077.364991518, 0.992168021,
2077.426286941, 0.993246681,
2077.446718849, 0.993012440,
2077.467150656, 0.992502866,
2077.487582363, 0.992158763,
2077.508014269, 0.991450307,
2077.528446075, 0.991484268,
2077.548877781, 0.992591534,
2077.569309687, 0.991835501,
2077.589741492, 0.990178681,
2077.610173397, 0.991846567,
2077.671468811, 0.991817617,
2077.691900515, 0.992125003,
2077.712332319, 0.991625322,
2077.732764222, 0.990886407,
2077.753195925, 0.990788697,
2077.773627728, 0.991015419,
2077.794059531, 0.993365182,
2077.814491433, 0.990664296,
2077.834923135, 0.990672260,
2077.855355037, 0.990771670,
2077.937082141, 0.991530400,
2077.957514041, 0.991190652,
2077.977945841, 0.991148035,
2077.998377541, 0.990701907,
2078.018809440, 0.991775951,
2078.039241239, 0.992005108,
2078.059672938, 0.992682235,
2078.080104837, 0.991862880,
2078.100536635, 0.991415019,
2078.161832029, 0.991432193,
2078.182263826, 0.991028506,
2078.202695623, 0.991294907,
2078.223127420, 0.990494614,
2078.243559216, 0.991231731,
2078.263991013, 0.996527086,
2078.325286499, 0.989119807,
2078.345718194, 0.988943216,
2078.366150089, 0.990782399,
2078.468308959, 0.992751501,
2078.488740852, 0.992744921,
2078.509172545, 0.992266947,
2078.570467922, 0.995639771,
2078.693058769, 0.995965919,
2078.713490459, 0.995263095,
2078.733922349, 0.995392786,
2078.795217717, 0.996524932,
2078.815649505, 0.998317344,
2078.897376758, 0.999057845,
2078.917808445, 1.001547866,
2078.938240232, 0.999751465,
2078.958672119, 0.999646877,
2078.979103806, 1.001540534,
2079.019967478, 1.000246182,
2079.040399164, 1.000844518,
2079.060830950, 1.002038018,
2079.081262835, 1.001595929,
2079.142558189, 1.005523358,
2079.203853541, 1.007794944,
2079.224285324, 1.007660334,
2079.244717108, 1.006558370,
2079.265148891, 1.005800645,
2079.285580573, 1.005511911,
2079.306012455, 1.006696072,
2079.346875919, 1.007058502,
2079.367307801, 1.007471242,
2079.428603144, 1.008420262,
2079.449034924, 1.008610435,
2079.469466605, 1.007814046,
2079.489898485, 1.009932112,
2079.510330264, 1.008921419,
2079.551193823, 1.009580924,
2079.571625602, 1.009396316,
2079.592057480, 1.009288809,
2079.612489159, 1.010111562,
2079.632920937, 1.009985985,
2079.653352815, 1.009603970,
2079.673784592, 1.010681459,
2079.694216270, 1.012222212,
2079.714648147, 1.011520712,
2079.735079923, 1.011313191,
2079.755511600, 1.021560938,
2079.775943476, 1.019062164,
2079.796375252, 1.017662806,
2079.816806928, 1.022302683,
2079.898534128, 1.015025965,
2079.918965903, 1.014184492,
2079.939397577, 1.013406635,
2079.959829451, 1.013834113,
2079.980261225, 1.013450846,
2080.000692998, 1.013030324,
2080.021124771, 1.014449468,
2080.041556544, 1.013377740,
2080.061988317, 1.013380315,
2080.123283633, 1.013205397,
2080.143715405, 1.013424361,
2080.164147176, 1.012851534,
2080.184579047, 1.012923026,
2080.205010718, 1.012877462,
2080.225442488, 1.013047419,
2080.245874359, 1.012583264,
2080.266306029, 1.012550275,
2080.286737799, 1.014505777,
2080.307169668, 1.011965617,
2080.368464975, 1.013521618,
2080.388896644, 1.014065950,
2080.409328512, 1.013631098,
2080.429760280, 1.013318777,
2080.450191948, 1.013007737,
2080.470623815, 1.012243378,
2080.491055582, 1.011573018,
2080.511487350, 1.010195962,
2080.531919116, 1.011714117,
2080.552350883, 1.010011914,
2080.572782649, 1.009591169,
2080.593214415, 1.009012670,
2080.613646180, 1.008858538,
2080.654509811, 1.007590886,
2080.674941476, 1.007341336,
2080.695373241, 1.006425039,
2080.715805005, 1.006456351,
2080.736236769, 1.005486726,
2080.756668434, 1.005989562,
2080.777100297, 1.006498284,
2080.797532061, 1.005094736,
2080.858827349, 1.005527086,
2080.879259212, 1.003534668,
2080.899690874, 1.003470371,
2080.920122636, 1.003444008,
2080.940554497, 1.003007230,
2080.960986159, 1.002554615,
2080.981417920, 1.003533864,
2081.001849781, 1.001515381,
2081.022281542, 1.000443104,
2081.042713202, 1.007855011,
2081.083576822, 1.000054154,
2081.104008482, 0.999688934,
2081.124440341, 0.998738437,
2081.144872101, 0.998313736,
2081.165303760, 0.998656343,
2081.185735618, 0.997639239,
2081.206167377, 0.996472692,
2081.226599235, 0.996848915,
2081.247030893, 0.996350258,
2081.267462650, 0.996223186,
2081.287894508, 0.996637355,
2081.349189779, 0.995957755,
2081.369621435, 0.995239476,
2081.390053191, 0.995243993,
2081.410484947, 0.994249796,
2081.430916703, 0.994887942,
2081.451348459, 0.994833173,
2081.471780214, 0.993565011,
2081.492211969, 0.993083249,
2081.512643724, 0.992488471,
2081.533075478, 0.991753231,
2081.573938986, 0.991902327,
2081.594370840, 0.991395641,
2081.614802494, 0.992394553,
2081.635234347, 0.989062783,
2081.655666100, 0.990191267,
2081.676097753, 0.990914568,
2081.696529605, 0.988358773,
2081.716961358, 0.990004858,
2081.737393010, 0.989353208,
2081.757824861, 0.992595001,
2081.778256613, 0.984756238,
2081.839551866, 0.990947176,
2081.859983617, 0.990072584,
2081.880415367, 0.989454622,
2081.900847117, 0.988079694,
2081.921278867, 0.987415603,
2081.941710617, 0.985368244,
2081.962142366, 0.985700028,
2081.982574116, 0.986206322,
2082.003005864, 0.986454898,
2082.023437613, 0.986269958,
2082.043869462, 0.986381430,
2082.064301210, 0.988429386,
2082.084732858, 0.988608998,
2082.105164705, 0.989094035,
2082.125596353, 0.988477928,
2082.146028100, 0.988919100,
2082.166459947, 0.988529904,
2082.186891594, 0.988372360,
2082.207323340, 0.987999407,
2082.227755187, 0.987797637,
2082.248186833, 0.987894043,
2082.268618578, 0.988454948,
2082.329913814, 0.989952769,
2082.350345659, 0.988559868,
2082.370777304, 0.988369416,
2082.391209048, 0.984562788,
2082.411640893, 0.983639510,
2082.432072636, 0.984120523,
2082.452504380, 0.983239516,
2082.472936124, 0.983399038,
2082.493367867, 0.983824251,
2082.513799710, 0.983882462,
2082.534231352, 0.983644193,
2082.575094937, 0.984253763,
2082.595526579, 0.984105243,
2082.615958321, 0.985029414,
2082.636390163, 0.985534570,
2082.656821804, 0.985685299,
2082.677253545, 0.985053970,
2082.697685386, 0.986287906,
2082.718117027, 0.985341992,
2082.738548767, 0.986160933,
2082.758980607, 0.984932059,
2082.820275826, 0.984693864,
2082.840707465, 0.984757643,
2082.861139304, 0.987208199,
2082.881571043, 0.985881586,
2082.902002682, 0.985259961,
2082.922434520, 0.984824378,
2082.942866258, 0.985720290,
2082.963297896, 0.985747662,
2082.983729734, 0.985448718,
2083.004161471, 0.985951952,
2083.024593108, 0.986114994,
2083.045024945, 0.986352103,
2083.065456682, 0.986512112,
2083.085888318, 0.986466099,
2083.106320155, 0.987252574,
2083.126751890, 0.986895152,
2083.147183526, 0.987711496,
2083.167615362, 0.987629316,
2083.188047097, 0.986714313,
2083.208478932, 0.986936407,
2083.228910567, 0.987718829,
2083.249342302, 0.988668703,
2083.310637504, 0.987252304,
2083.331069338, 0.987188932,
2083.351501071, 0.986893340,
2083.371932705, 0.987038486,
2083.392364538, 0.986851263,
2083.412796270, 0.987409529,
2083.433227903, 0.987204148,
2083.453659736, 0.987465105,
2083.474091468, 0.987754345,
2083.494523100, 0.988297571,
2083.514954931, 0.988562579,
2083.535386663, 0.988318912,
2083.555818494, 0.990037406,
2083.576250125, 0.988510608,
2083.596681856, 0.988165219,
2083.617113586, 0.988481260,
2083.637545317, 0.988172512,
2083.657976947, 0.987347955,
2083.678408777, 0.986041874,
2083.698840506, 0.986266520,
2083.719272136, 0.987111646,
2083.739703965, 0.987358135,
2083.800999151, 0.987291434,
2083.821430879, 0.986934447,
2083.841862607, 0.987430678,
2083.862294336, 0.987167881,
2083.882726063, 0.986840726,
2083.903157790, 0.986762992,
2083.923589618, 0.987408422,
2083.944021245, 0.987636415,
2083.964453072, 0.986905913,
2083.984884798, 0.987403887,
2084.005316424, 0.987793666,
2084.025748251, 0.986908203,
2084.046179976, 0.987034880,
2084.066611602, 0.987121087,
2084.087043427, 0.986937800,
2084.107475153, 0.987266660,
2084.127906778, 0.986744982,
2084.148338602, 0.987340458,
2084.168770327, 0.987755252,
2084.189202051, 0.987623404,
2084.209633776, 0.986596834,
2084.230065500, 0.985868203,
2084.291360670, 0.987510843,
2084.311792393, 0.987220938,
2084.332224116, 0.986822481,
2084.352655838, 0.986678489,
2084.373087561, 0.987378634,
2084.393519283, 0.986704084,
2084.413951005, 0.986948058,
2084.434382827, 0.987733611,
2084.454814448, 0.987125304,
2084.475246169, 0.987480225,
2084.495677990, 0.988097837,
2084.516109611, 0.987837810,
2084.536541332, 0.987255988,
2084.556973152, 0.988096144,
2084.577404773, 0.988179877,
2084.597836493, 0.989069381,
2084.618268313, 0.989711939,
2084.638699932, 0.990011918,
2084.659131651, 0.989139438,
2084.679563471, 0.989866155,
2084.699995090, 0.991440217,
2084.720426908, 0.992929803,
2084.781722063, 0.989788640,
2084.802153781, 0.990522551,
2084.822585499, 0.990997926,
2084.843017216, 0.990458100,
2084.863448933, 0.990603557,
2084.883880651, 0.991144536,
2084.904312467, 0.991828715,
2084.924744084, 0.991902067,
2084.945175800, 0.993289041,
2084.965607616, 0.993016297,
2085.006470948, 0.993071429,
2085.026902764, 0.992132332,
2085.047334379, 0.992456716,
2085.067766094, 0.993026006,
2085.088197909, 0.993446447,
2085.108629524, 0.994201194,
2085.129061338, 0.993629351,
2085.149492953, 0.993959235,
2085.169924667, 0.994171652,
2085.190356480, 0.994955723,
2085.210788094, 0.995457252,
2085.231219808, 0.995351001,
2085.251651621, 0.996895249,
2085.272083334, 0.996228816,
2085.292514947, 0.997178044,
2085.312946759, 0.998294774,
2085.333378472, 0.997835875,
2085.353810084, 0.999744132,
2085.374241896, 0.997675555,
2085.394673608, 0.998304168,
2085.415105219, 0.998352006,
2085.435537031, 0.998857615,
2085.455968742, 0.999758681,
2085.517263874, 1.003748149,
2085.537695684, 1.000732399,
2085.558127294, 1.001077211,
2085.578559004, 0.999777925,
2085.598990814, 0.999405286,
2085.619422424, 1.000686445,
2085.639854133, 1.000640983,
2085.660285942, 1.000756097,
2085.680717551, 1.001363255,
2085.701149260, 1.001336539,
2085.762444385, 1.004190501,
2085.782876192, 1.004773339,
2085.803307900, 1.005367861,
2085.823739608, 1.004683659,
2085.844171315, 1.005957965,
2085.864602922, 1.006146599,
2085.885034729, 1.005753825,
2085.905466436, 1.005674879,
2085.925898042, 1.007150986,
2085.946329848, 1.007015431,
2085.966761555, 1.006948025,
2085.987193160, 1.007671834,
2086.007624966, 1.007686472,
2086.028056671, 1.007701667,
2086.048488277, 1.007632127,
2086.068920082, 1.007659062,
2086.089351787, 1.008175694,
2086.109783491, 1.008056332,
2086.130215196, 1.009139517,
2086.150646900, 1.007941111,
2086.171078604, 1.007832236,
2086.191510308, 1.007054199,
2086.252805518, 1.007218917,
2086.273237121, 1.007505138,
2086.293668924, 1.007272680,
2086.314100627, 1.007127679,
2086.334532229, 1.007623520,
2086.354964032, 1.007238914,
2086.375395734, 1.006460428,
2086.395827336, 1.006876331,
2086.416259138, 1.006724291,
2086.436690839, 1.007081283,
2086.457122440, 1.006747658,
2086.477554241, 1.006719169,
2086.497985942, 1.008157247,
2086.518417543, 1.007831875,
2086.538849344, 1.007796904,
2086.559280944, 1.006552048,
2086.579712744, 1.006322377,
2086.600144444, 1.005952163,
2086.620576144, 1.006374426,
2086.641007843, 1.007139646,
2086.661439542, 1.005500936,
2086.681871242, 1.005672747,
2086.743166338, 1.003622035,
2086.763598036, 1.003692740,
2086.784029735, 1.004362511,
2086.804461432, 1.003436197,
2086.824893231, 1.002922658,
2086.845324828, 1.002757730,
2086.865756525, 1.002300862,
2086.886188323, 1.001991940,
2086.906619920, 1.001837569,
2086.927051717, 1.001432091,
2086.947483413, 1.001174201,
2086.967915010, 1.000874696,
2086.988346806, 1.000338664,
2087.008778502, 1.000537795,
2087.029210098, 1.000907482,
2087.049641894, 1.000400863,
2087.070073589, 0.999393688,
2087.090505284, 0.999375365,
2087.110936980, 0.999000992,
2087.131368675, 0.999378200,
2087.151800369, 0.998391665,
2087.172232064, 0.998854186,
2087.233527146, 0.995964449,
2087.253958840, 0.995792388,
2087.274390634, 0.995579309,
2087.294822227, 0.994340530,
2087.315253920, 0.993057396,
2087.335685713, 0.991882441,
2087.356117306, 0.990592568,
2087.376548999, 0.989929387,
2087.396980792, 0.989958054,
2087.417412384, 0.989546797,
2087.437844076, 0.989081533,
2087.458275868, 0.988263456,
2087.478707460, 0.990476065,
2087.499139151, 0.990856889,
2087.519570943, 0.991796672,
2087.540002534, 0.989939608,
2087.560434225, 0.990483346,
2087.580866016, 0.989359132,
2087.601297606, 0.989325711,
2087.621729397, 0.988773805,
2087.642161087, 0.987287271,
2087.662592777, 0.988823091,
2087.723887846, 0.988652655,
2087.744319635, 0.988487957,
2087.764751225, 0.987863258,
2087.785182914, 0.987513222,
2087.805614702, 0.987389105,
2087.826046291, 0.987760783,
2087.846477979, 0.987754786,
2087.866909768, 0.986874567,
2087.887341356, 0.986632065,
2087.907773044, 0.986460198,
2087.928204831, 0.986400941,
2087.948636419, 0.986447053,
2087.969068106, 0.986025837,
2087.989499793, 0.986182508,
2088.009931480, 0.985790949,
2088.030363267, 0.985284399,
2088.050794854, 0.984452653,
2088.071226540, 0.984705720,
2088.091658326, 0.984099156,
2088.112090013, 0.984624854,
2088.132521598, 0.984099308,
2088.152953384, 0.984584770,
2088.214248440, 0.983990874,
2088.234680125, 0.983227721,
2088.255111710, 0.982588736,
2088.275543495, 0.982646942,
2088.295975179, 0.982578263,
2088.316406763, 0.982873739,
2088.336838548, 0.982952235,
2088.357270232, 0.982978071,
2088.377702015, 0.982738774,
2088.398133599, 0.982794241,
2088.418565282, 0.983133070,
2088.438997066, 0.982945623,
2088.459428649, 0.983054594,
2088.479860332, 0.982586915,
2088.500292114, 0.982792959,
2088.520723697, 0.982692891,
2088.541155379, 0.983260371,
2088.561587161, 0.984154829,
2088.582018843, 0.983192994,
2088.602450425, 0.982427288,
2088.622882207, 0.982752237,
2088.643313888, 0.982308267,
2088.684177251, 0.982250977,
2088.704608931, 0.982705832,
2088.725040612, 0.982098229,
2088.745472293, 0.983123599,
2088.786335654, 0.982303476,
2088.806767334, 0.982689367,
2088.827198914, 0.982689241,
2088.847630693, 0.982400809,
2088.868062373, 0.983800090,
2088.888493952, 0.984327573,
2088.908925732, 0.983866666,
2088.929357411, 0.983658947,
2088.949789090, 0.983352595,
2088.970220768, 0.983219813,
2088.990652447, 0.983744634,
2089.011084125, 0.984949189,
2089.031515803, 0.984092109,
2089.051947482, 0.984264100,
2089.072379259, 0.983550870,
2089.092810937, 0.984052442,
2089.113242515, 0.983677655,
2089.133674292, 0.984011090,
2089.194969323, 0.984097799,
2089.215401000, 0.984588270,
2089.235832576, 0.985073428,
2089.256264353, 0.984689415,
2089.276696029, 0.984623102,
2089.297127605, 0.984694360,
2089.317559381, 0.985233549,
2089.337991056, 0.984968118,
2089.358422632, 0.984563920,
2089.378854407, 0.985008464,
2089.399285982, 0.986119405,
2089.419717757, 0.989278897,
2089.440149432, 0.991045647,
2089.460581007, 0.990240132,
2089.481012781, 0.990787773,
2089.501444456, 0.990773606,
2089.521876130, 0.991420813,
2089.542307804, 0.989899909,
2089.562739478, 0.990052400,
2089.583171151, 0.989150966,
2089.603602825, 0.989477873,
2089.624034498, 0.988024797,
2089.705761190, 0.989097580,
2089.726192963, 0.988250358,
2089.746624535, 0.987532508,
2089.767056307, 0.987246209,
2089.787487979, 0.988532068,
2089.807919551, 0.988458313,
2089.828351323, 0.988315026,
2089.848782995, 0.987808711,
2089.869214566, 0.987915962,
2089.889646337, 0.987338085,
2089.910078008, 0.986977246,
2089.930509679, 0.987485577,
2089.950941350, 0.987794680,
2089.971373021, 0.987243887,
2089.991804691, 0.986867957,
2090.012236361, 0.987642708,
2090.032668032, 0.986630227,
2090.053099701, 0.987110459,
2090.073531371, 0.987447873,
2090.093963041, 0.987490877,
2090.114394810, 0.988003511,
2090.134826380, 0.987467423,
2090.155258049, 0.987640849,
2090.175689818, 0.987475528,
2090.196121387, 0.987445841,
2090.216553055, 0.986826146,
2090.236984824, 0.986892175,
2090.257416392, 0.987480806,
2090.277848061, 0.987305871,
2090.298279828, 0.987468872,
2090.318711396, 0.987894808,
2090.339143064, 0.988686700,
2090.359574832, 0.988796350,
2090.420869834, 0.989013693,
2090.441301401, 0.987664109,
2090.461733167, 0.987545172,
2090.482164834, 0.986770801,
2090.502596501, 0.986674961,
2090.523028167, 0.986866089,
2090.543459833, 0.986253771,
2090.563891499, 0.986469413,
2090.584323165, 0.986725841,
2090.604754831, 0.986529184,
2090.625186496, 0.985951969,
2090.645618262, 0.985822900,
2090.666049827, 0.986142664,
2090.686481492, 0.985036041,
2090.706913257, 0.985999719,
2090.727344822, 0.985957636,
2090.747776487, 0.986058875,
2090.768208251, 0.986240397,
2090.788639815, 0.985447224,
2090.809071580, 0.985998196,
2090.829503244, 0.986243909,
2090.849934808, 0.987783964,
2090.870366571, 0.987102448,
2090.890798135, 0.987657674,
2090.911229798, 0.987243953,
2090.931661562, 0.987180940,
2090.952093125, 0.987440703,
2090.972524788, 0.987716599,
2090.992956551, 0.988644711,
2091.013388213, 0.988152837,
2091.033819776, 0.988971324,
2091.054251538, 0.989759031,
2091.074683200, 0.990298928,
2091.095114862, 0.989361875,
2091.156409948, 0.990197617,
2091.176841509, 0.991149447,
2091.197273171, 0.991568913,
2091.217704932, 0.992766262,
2091.238136493, 0.993100660,
2091.258568154, 0.993880400,
2091.278999915, 0.993853650,
2091.299431475, 0.994145321,
2091.319863136, 0.994336875,
2091.340294896, 0.993401808,
2091.360726456, 0.993251246,
2091.401589876, 0.992876573,
2091.422021436, 0.992752667,
2091.442453196, 0.993932867,
2091.462884855, 0.994736193,
2091.483316514, 0.994661581,
2091.503748173, 0.994621109,
2091.524179832, 0.994151331,
2091.544611491, 0.995844200,
2091.565043150, 0.995663621,
2091.585474808, 0.996566609,
2091.646769784, 0.997910097,
2091.667201341, 0.996969444,
2091.687633099, 0.998045887,
2091.708064757, 0.998482678,
2091.728496315, 0.999348341,
2091.748928072, 0.999878068,
2091.769359729, 0.999509755,
2091.789791486, 1.000862574,
2091.810223043, 1.000148326,
2091.830654700, 1.001436128,
2091.891949670, 1.002715063,
2091.912381426, 1.002035724,
2091.932812983, 1.001056707,
2091.953244638, 1.002235228,
2091.973676394, 1.003902572,
2091.994108050, 1.005145001,
2092.014539606, 1.005824217,
2092.034971361, 1.004626331,
2092.055403017, 1.004656492,
2092.075834572, 1.004215987,
2092.096266327, 1.004018850,
2092.116697982, 1.004311134,
2092.137129737, 1.004429457,
2092.157561291, 1.004968705,
2092.177992946, 1.005408922,
2092.198424700, 1.005477289,
2092.218856254, 1.004940897,
2092.239287908, 1.004901984,
2092.259719562, 1.005642404,
2092.280151216, 1.005435676,
2092.300582770, 1.005242935,
2092.321014523, 1.005049489,
2092.341446177, 1.006460224,
2092.361877830, 1.006341363,
2092.382309483, 1.006539907,
2092.402741136, 1.007251176,
2092.423172889, 1.006278318,
2092.443604442, 1.006437356,
2092.464036094, 1.006909132,
2092.484467847, 1.007040399,
2092.504899499, 1.007187121,
2092.525331051, 1.007224187,
2092.545762803, 1.007551581,
2092.566194455, 1.006619294,
2092.627489410, 1.006941694,
2092.647920962, 1.007163761,
2092.668352713, 1.007536373,
2092.688784364, 1.008108567,
2092.709215915, 1.008084724,
2092.729647666, 1.008000512,
2092.750079317, 1.006386782,
2092.770511067, 1.006285566,
2092.790942618, 1.006062059,
2092.811374268, 1.005373031,
2092.831806018, 1.005114247,
2092.852237568, 1.004404716,
2092.872669218, 1.004176636,
2092.893100968, 1.004420004,
2092.913532518, 1.004534593,
2092.933964167, 1.005977586,
2092.954395917, 1.005868057,
2092.974827566, 1.005839582,
2092.995259115, 1.005581834,
2093.015690864, 1.006098263,
2093.036122413, 1.005354212,
2093.056554062, 1.005269320,
2093.076985810, 1.005320051,
2093.097417359, 1.005119050,
2093.117849107, 1.004175670,
2093.138280756, 1.004184965,
2093.158712304, 1.003449851,
2093.179144052, 1.003483079,
2093.199575700, 1.003345016,
2093.220007247, 1.002665239,
2093.240438995, 1.003035843,
2093.260870643, 1.002125030,
2093.281302190, 1.002157580,
2093.301733937, 1.002030021,
2093.322165584, 1.001222040,
2093.342597231, 1.001372950,
2093.363028878, 1.001049929,
2093.383460525, 1.003058203,
2093.403892272, 1.001942870,
2093.424323818, 1.001542817,
2093.444755464, 1.000363892,
2093.465187211, 0.999895964,
2093.485618857, 1.000782022,
2093.506050403, 0.999408198,
2093.526482149, 1.030709648,
2093.546913794, 1.026700716,
2093.608208731, 1.001656755,
2093.628640276, 0.999209781,
2093.649072021, 0.997257123,
2093.669503666, 0.996724001,
2093.689935211, 0.997208467,
2093.710366956, 0.997811245,
2093.730798601, 0.996428176,
2093.751230245, 0.995938364,
2093.771661890, 0.994901327,
2093.792093434, 0.994608901,
2093.812525178, 0.994396001,
2093.832956822, 0.994359514,
2093.853388466, 0.993610781,
2093.873820110, 0.992381529,
2093.894251754, 0.991856739,
2093.914683397, 0.991933266,
2093.935115041, 0.991819407,
2093.955546684, 0.991612116,
2093.975978327, 0.990995654,
2093.996409970, 0.991523374,
2094.016841613, 0.990317634,
2094.037273356, 0.990254631,
2094.057704999, 0.990119568,
2094.078136541, 0.989290364,
2094.118999926, 0.988680195,
2094.139431469, 0.987639227,
2094.159863211, 0.990805419,
2094.180294853, 0.989009354,
2094.200726395, 0.988120907,
2094.221158136, 0.989249271,
2094.241589778, 0.988733817,
2094.262021320, 0.988287870,
2094.282453061, 0.988048932,
2094.302884703, 0.987431537,
2094.323316444, 0.987493113,
2094.343747985, 0.986709687,
2094.364179626, 0.987744218,
2094.384611267, 0.986887052,
2094.405042907, 0.986723339,
2094.425474548, 0.986464200,
2094.445906189, 0.986596276,
2094.466337829, 0.986399359,
2094.486769469, 0.986981060,
2094.507201110, 0.986294015,
2094.527632750, 0.986687030,
2094.609359309, 0.986338311,
2094.629791048, 0.986299025,
2094.650222588, 0.985561018,
2094.670654327, 0.985030908,
2094.691085966, 0.984459589,
2094.711517505, 0.985129844,
2094.731949244, 0.984578829,
2094.752380883, 0.984435159,
2094.772812422, 0.984137454,
2094.793244161, 0.984706982,
2094.813675799, 0.984433086,
2094.834107338, 0.984157945,
2094.854539076, 0.983750313,
2094.874970714, 0.983796791,
2094.895402352, 0.984421966,
2094.915833990, 0.984100590,
2094.936265628, 0.984183385,
2094.956697366, 0.984204845,
2094.977128903, 0.984774449,
2094.997560541, 0.984993129,
2095.017992278, 0.984903618,
2095.038423916, 0.985124166,
2095.058855453, 0.985150801,
2095.079287190, 0.985164290,
2095.099718827, 0.984859539,
2095.120150364, 0.985160354,
2095.140582101, 0.984976196,
2095.161013637, 0.985810911,
2095.181445274, 0.986091895,
2095.201877010, 0.984923202,
2095.222308547, 0.985410231,
2095.242740283, 0.986542901,
2095.263171919, 0.985881572,
2095.344898363, 0.985634227,
2095.365330099, 0.986321853,
2095.385761734, 0.986396667,
2095.406193369, 0.986510104,
2095.426625005, 0.986028766,
2095.447056640, 0.986807584,
2095.467488275, 0.986172020,
2095.487919910, 0.985955298,
2095.508351545, 0.986017061,
2095.569646449, 0.986301271,
2095.590078184, 0.986835559,
2095.610509818, 0.986868468,
2095.630941352, 0.987228513,
2095.651373087, 0.987523013,
2095.671804721, 0.986801604,
2095.692236255, 0.986598832,
2095.712667989, 0.987505775,
2095.733099622, 0.986940271,
2095.753531156, 0.987124667,
2095.773962890, 0.987373146,
2095.794394523, 0.986882473,
2095.814826057, 0.987756012,
2095.835257790, 0.987088712,
2095.855689423, 0.987497329,
2095.876121056, 0.987738777,
2095.896552689, 0.987183052,
2095.916984322, 0.987750085,
2095.937415955, 0.988160774,
2095.957847588, 0.988037707,
2095.978279220, 0.988587473,
2095.998710853, 0.988041754,
2096.019142485, 0.987345438,
2096.039574117, 0.987427833,
2096.060005850, 0.988096763,
2096.080437382, 0.988006205,
2096.100869014, 0.988562019,
2096.121300746, 0.988057404,
2096.141732278, 0.988258401,
2096.162164009, 0.987884878,
2096.182595641, 0.988853729,
2096.203027173, 0.988073909,
2096.223458904, 0.988655550,
2096.243890535, 0.988293822,
2096.264322067, 0.988975672,
2096.284753798, 0.988761778,
2096.305185429, 0.989293489,
2096.325616960, 0.989700191,
2096.346048691, 0.989130570,
2096.366480322, 0.988950857,
2096.386911952, 0.988847943,
2096.407343583, 0.988966332,
2096.427775213, 0.988857730,
2096.448206944, 0.989500150,
2096.468638474, 0.989488604,
2096.489070104, 0.988819342,
2096.550364995, 0.987165360,
2096.570796725, 0.987399197,
2096.611659884, 0.988038203,
2096.632091614, 0.987603111,
2096.652523143, 0.987921168,
2096.672954773, 0.987646342,
2096.693386502, 0.987539572,
2096.713818031, 0.986920224,
2096.734249760, 0.987163884,
2096.754681389, 0.986747381,
2096.775112918, 0.987382460,
2096.795544647, 0.986397873,
2096.815976276, 0.987167323,
2096.836407805, 0.986919671,
2096.856839533, 0.986780411,
2096.877271162, 0.986801229,
2096.897702790, 0.986766973,
2096.918134419, 0.986962077,
2096.938566047, 0.986887905,
2096.958997675, 0.986747346,
2096.979429303, 0.986843463,
2096.999860931, 0.987369120,
2097.020292659, 0.987278250,
2097.040724287, 0.987005882,
2097.061155815, 0.987265671,
2097.102019170, 0.987648867,
2097.122450698, 0.987093290,
2097.142882425, 0.987865966,
2097.163314052, 0.987657632,
2097.183745579, 0.987217719,
2097.204177307, 0.988353553,
2097.224608934, 0.988579853,
2097.245040461, 0.987711035,
2097.265472188, 0.988899442,
2097.306335341, 0.989262532,
2097.326767068, 0.989933200,
2097.347198594, 0.990428250,
2097.367630321, 0.990263955,
2097.388061947, 0.990298287,
2097.408493574, 0.990081136,
2097.428925200, 0.990060377,
2097.469788452, 0.991277163,
2097.551515056, 0.991607437,
2097.571946581, 0.992346495,
2097.592378207, 0.992168346,
2097.612809932, 0.992128588,
2097.633241458, 0.992350174,
2097.653673183, 0.993857633,
2097.674104808, 0.993550304,
2097.694536334, 0.993694325,
2097.714968059, 0.994167373,
2097.735399684, 0.994042635,
2097.755831209, 0.995183132,
2097.776262934, 0.995396185,
2097.796694558, 0.995225381,
2097.817126083, 0.995318835,
2097.837557808, 0.996285059,
2097.857989432, 0.996428425,
2097.878421057, 0.996976791,
2097.898852681, 0.997610814,
2097.919284306, 0.997344298,
2097.939715930, 0.998288424,
2097.960147554, 0.997748511,
2097.980579178, 0.998053750,
2098.001010802, 0.999280760,
2098.021442426, 0.999781295,
2098.041874050, 1.000461575,
2098.062305674, 1.000974558,
2098.082737298, 1.001036759,
2098.103168921, 1.001711312,
2098.123600645, 1.001597111,
2098.144032168, 1.001779017,
2098.164463792, 1.000644116,
2098.184895515, 1.001779585,
2098.205327038, 1.008600705,
2098.266621908, 1.002151791,
2098.287053631, 1.002455732,
2098.307485254, 1.002743492,
2098.348348499, 1.004811259,
2098.368780122, 1.005151265,
2098.389211745, 1.005577907,
2098.409643367, 1.005575333,
2098.430074990, 1.006239027,
2098.450506612, 1.006458002,
2098.470938235, 1.006740587,
2098.491369857, 1.007796805,
2098.511801579, 1.007473697,
2098.532233101, 1.007484958,
2098.552664723, 1.007363171,
2098.573096445, 1.007864387,
2098.593528067, 1.008400744,
2098.613959589, 1.007781252,
2098.634391311, 1.007884477,
2098.654822833, 1.008397715,
2098.675254454, 1.008274104,
2098.695686176, 1.008804942,
2098.716117697, 1.008948526,
2098.736549319, 1.009167018,
2098.756981040, 1.009258147,
2098.777412561, 1.008304861,
2098.797844283, 1.008433880,
2098.818275904, 1.008466479,
2098.838707425, 1.008493582,
2098.859139146, 1.009236222,
2098.879570767, 1.008181845,
2098.900002288, 1.009055199,
2098.920434009, 1.008866694,
2098.940865630, 1.008524527,
2098.961297250, 1.008185987,
2098.981728871, 1.008518430,
2099.002160492, 1.007683634,
2099.022592112, 1.008116572,
2099.043023832, 1.008721320,
2099.063455353, 1.007395644,
2099.083887073, 1.012914334,
2099.104318693, 1.010749584,
2099.124750214, 1.010774533,
2099.145181934, 1.007535545,
2099.165613554, 1.007304273,
2099.186045074, 1.006094872,
2099.206476794, 1.006726215,
2099.226908414, 1.006630398,
2099.247339934, 1.006570707,
2099.267771653, 1.005921568,
2099.288203273, 1.006129574,
2099.308634793, 1.005126618,
2099.329066512, 1.006514622,
2099.349498132, 1.005268496,
2099.369929751, 1.004241281,
2099.390361371, 1.005477519,
2099.410792990, 1.004288378,
2099.431224609, 1.003820022,
2099.492519467, 1.003034416,
2099.512951086, 1.002282209,
2099.533382705, 1.002917020,
2099.553814324, 1.002690099,
2099.574245942, 1.001630976,
2099.594677661, 1.001539630,
2099.615109280, 1.001482824,
2099.635540799, 1.000272452,
2099.655972517, 0.999858723,
2099.676404136, 1.000622808,
2099.696835654, 0.999605213,
2099.717267373, 0.998818366,
2099.737698991, 0.998744534,
2099.758130509, 0.999210642,
2099.778562228, 0.998968587,
2099.798993846, 0.998948258,
2099.819425364, 0.998172764,
2099.839857082, 0.998046922,
2099.860288700, 0.998379042,
2099.880720418, 0.997249714,
2099.901151936, 0.996775004,
2099.921583554, 0.997897835,
2099.982878407, 0.996253410,
2100.003310125, 0.995452297,
2100.023741643, 0.995715227,
2100.044173260, 0.995116477,
2100.064604878, 0.994328046,
2100.085036495, 0.994216955,
2100.105468113, 0.993954830,
2100.125899830, 0.993101123,
2100.146331347, 0.992646671,
2100.166763065, 0.993225963,
2100.187194682, 0.992426550,
2100.207626199, 0.991855182,
2100.228057916, 0.991635393,
2100.248489533, 0.992226796,
2100.268921050, 0.991914240,
2100.289352767, 0.990875475,
2100.309784384, 0.991299779,
2100.330215901, 0.990416304,
2100.350647617, 0.990165131,
2100.371079234, 0.989405986,
2100.391510751, 0.988986461,
2100.411942467, 0.988911457,
2100.432374084, 0.988564148,
2100.452805801, 0.988715314,
2100.473237317, 0.988580214,
2100.493668933, 0.988358021,
2100.514100650, 0.987669944,
2100.534532166, 0.987750660,
2100.554963782, 0.986929610,
2100.575395499, 0.986870751,
2100.595827115, 0.987010221,
2100.616258631, 0.985918850,
2100.636690347, 0.985641270,
2100.657121963, 0.986118831,
2100.677553479, 0.985973329,
2100.697985195, 0.985237155,
2100.718416811, 0.985345158,
2100.738848527, 0.985549191,
2100.759280043, 0.984665941,
2100.779711659, 0.984665215,
2100.800143274, 0.984571096,
2100.820574890, 0.984030049,
2100.841006406, 0.983717431,
2100.861438121, 0.984214592,
2100.881869737, 0.983670398,
2100.902301252, 0.983297902,
2100.922732968, 0.983070153,
2100.943164583, 0.983693305,
2100.963596199, 0.983118513,
2100.984027814, 0.982631984,
2101.004459429, 0.982817111,
2101.024891144, 0.982881863,
2101.045322660, 0.982033142,
2101.065754275, 0.983074144,
2101.086185990, 0.981829866,
2101.106617605, 0.981251522,
2101.127049120, 0.982026132,
2101.147480835, 0.982059297,
2101.167912450, 0.981303601,
2101.188343965, 0.981410733,
2101.208775680, 0.980660486,
2101.229207295, 0.980934719,
2101.249639009, 0.981056909,
2101.270070524, 0.981366596,
2101.290502139, 0.980268648,
2101.310933853, 0.980816613,
2101.331365368, 0.980506044,
2101.351796983, 0.981557829,
2101.372228697, 0.981818441,
2101.392660212, 0.981265978,
2101.453955055, 0.980141307,
2101.474386669, 0.980235062,
2101.494818284, 0.980922625,
2101.515249898, 0.980245647,
2101.535681612, 0.981746079,
2101.556113126, 0.981007907,
2101.576544740, 0.981265359,
2101.596976455, 0.981740544,
2101.617407969, 0.981411666,
2101.637839583, 0.981453557,
2101.658271297, 0.980782626,
2101.678702911, 0.981186571,
2101.699134425, 0.979967470,
2101.719566139, 0.980869199,
2101.739997752, 0.981276180,
2101.760429266, 0.981190659,
2101.780860980, 0.982039537,
2101.801292594, 0.981317968,
2101.821724308, 0.981841116,
2101.842155821, 0.981971917,
2101.862587435, 0.981763840,
2101.883019149, 0.982117896,
2101.903450662, 0.981907636,
2101.923882276, 0.982224274,
2101.944313989, 0.981762783,
2101.964745503, 0.982080121,
2101.985177116, 0.983101749,
2102.005608830, 0.983699122,
2102.026040343, 0.983806321,
2102.046472057, 0.983860008,
2102.066903670, 0.984583710,
2102.087335283, 0.984474285,
2102.107766897, 0.983170376,
2102.128198510, 0.983573984,
2102.148630123, 0.982815005,
2102.169061736, 0.983432591,
2102.189493349, 0.983826197,
2102.209924862, 0.983773734,
2102.230356576, 0.982643290,
2102.250788189, 0.982969113,
2102.271219702, 0.983407610,
2102.291651415, 0.984580361,
2102.312083028, 0.983587318,
2102.332514741, 0.983647564,
2102.352946254, 0.984052590,
2102.373377866, 0.984016595,
2102.393809579, 0.985100120,
2102.414241092, 0.983963872,
2102.455104418, 0.984511618,
2102.475535931, 0.984928354,
2102.495967543, 0.984520008,
2102.516399256, 0.985057600,
2102.536830769, 0.984510088,
2102.557262381, 0.984900934,
2102.577694094, 0.985234634,
2102.598125707, 0.983908874,
2102.618557319, 0.985419692,
2102.638988932, 0.985043978,
2102.659420544, 0.985506508,
2102.679852157, 0.984495888,
2102.700283769, 0.984304803,
2102.720715382, 0.985206186,
2102.741147094, 0.985178708,
2102.761578606, 0.985037468,
2102.782010219, 0.985124640,
2102.802441831, 0.984902027,
2102.822873444, 0.985178324,
2102.843305156, 0.985279102,
2102.863736768, 0.984671475,
2102.884168280, 0.984391615,
2102.904599993, 0.985150234,
2102.925031505, 0.984528430,
2102.945463117, 0.984856457,
2102.965894829, 0.984338471,
2102.986326341, 0.984665718,
2103.006757954, 0.983887989,
2103.027189666, 0.984638633,
2103.047621178, 0.985395834,
2103.068052790, 0.984243520,
2103.088484502, 0.984982456,
2103.108916114, 0.984206997,
2103.129347726, 0.984638339,
2103.149779338, 0.984574132,
2103.170210950, 0.985117287,
2103.190642562, 0.985046748,
2103.211074174, 0.985000034,
2103.231505786, 0.984787471,
2103.251937398, 0.985680440,
2103.272369009, 0.985508635,
2103.292800621, 0.985867923,
2103.313232333, 0.985736244,
2103.333663845, 0.985807582,
2103.354095457, 0.984868642,
2103.415390392, 0.985077668,
2103.435822004, 0.985585474,
2103.456253516, 0.986750730,
2103.476685227, 0.986298485,
2104.089633572, 1.016654400,
2104.110065283, 1.017123656,
2104.130496895, 1.017685647,
2104.150928606, 1.017894409,
2104.171360117, 1.017939123,
2104.191791729, 1.017738213,
2104.212223340, 1.018633419,
2104.232654951, 1.022587466,
2104.253086562, 1.021859735,
2104.273518174, 1.020957545,
2104.293949785, 1.020803086,
2104.314381396, 1.020715342,
2104.334813107, 1.019935563,
2104.375676230, 1.020114408,
2104.396107941, 1.020053379,
2104.416539452, 1.019870928,
2104.436971164, 1.020837007,
2104.457402775, 1.020677335,
2104.477834286, 1.021335648,
2104.498265997, 1.022686619,
2104.518697608, 1.022928077,
2104.539129119, 1.023376574,
2104.559560831, 1.024748725,
2104.579992442, 1.025274999,
2104.620855664, 1.026333360,
2104.641287275, 1.025973255,
2104.661718986, 1.026133015,
2104.682150498, 1.026747445,
2104.702582109, 1.026626508,
2104.723013820, 1.027287574,
2104.743445331, 1.027135914,
2104.763876942, 1.027469830,
2104.784308653, 1.027356056,
2104.804740265, 1.028055435,
2104.825171776, 1.027388891,
2104.866035098, 1.027939398,
2104.886466709, 1.028894993,
2104.906898320, 1.028652129,
2104.927329931, 1.028348044,
2104.947761543, 1.029142445,
2104.968193154, 1.029038690,
2104.988624665, 1.029365225,
2105.009056376, 1.028924732,
2105.049919498, 1.029679983,
2105.070351209, 1.029739437,
2105.111214332, 1.029324985,
2105.131646043, 1.028864776,
2105.152077654, 1.029523750,
2105.172509365, 1.029316177,
2105.192940876, 1.028677321,
2105.213372488, 1.028151366,
2105.233804199, 1.028367353,
2105.254235710, 1.027817708,
2105.274667321, 1.028347547,
2105.295099032, 1.027299416,
2105.315530643, 1.027897494,
2105.376825477, 1.026289226,
2105.397257088, 1.027100653,
2105.417688699, 1.028179896,
2105.438120311, 1.027713540,
2105.458552022, 1.027124935,
2105.478983533, 1.027209514,
2105.499415144, 1.026985152,
2105.519846856, 1.027371291,
2105.540278367, 1.027388274,
2105.560709978, 1.026842929,
2105.581141689, 1.027112843,
2105.601573201, 1.026882950,
2105.622004912, 1.026517129,
2105.642436523, 1.026177045,
2105.662868034, 1.025438092,
2105.683299746, 1.025384762,
2105.703731257, 1.024859725,
2105.724162868, 1.025112193,
2105.744594580, 1.024948014,
2105.765026091, 1.023652922,
2105.785457702, 1.024629100,
2105.805889414, 1.025166804,
2105.846752637, 1.024292423,
2105.867184248, 1.023947776,
2105.887615859, 1.023262315,
2105.908047471, 1.022741544,
2105.928479082, 1.022014956,
2105.948910694, 1.022121841,
2105.969342405, 1.021420505,
2105.989773916, 1.021041069,
2106.010205528, 1.020995557,
2106.030637239, 1.021111378,
2106.051068751, 1.020429857,
2106.091932074, 1.019565484,
2106.112363585, 1.019312116,
2106.132795297, 1.018786485,
2106.153226909, 1.018629141,
2106.173658420, 1.017853102,
2106.194090132, 1.017597902,
2106.214521743, 1.017325120,
2106.234953255, 1.017380959,
2106.255384967, 1.017039433,
2106.275816578, 1.016641512,
2106.296248190, 1.016456718,
2106.337111413, 1.015436373,
2106.357543025, 1.015590658,
2106.377974637, 1.014837824,
2106.398406248, 1.014421412,
2106.418837860, 1.014035443,
2106.439269472, 1.013002706,
2106.459701084, 1.013819824,
2106.480132696, 1.013847886,
2106.500564307, 1.012813293,
2106.520995919, 1.012988400,
2106.541427631, 1.012552677,
2106.582290855, 1.012004719,
2106.602722467, 1.011253201,
2106.623153979, 1.010766212,
2106.643585691, 1.010803245,
2106.664017303, 1.009641459,
2106.684448815, 1.009609748,
2106.704880527, 1.009279120,
2106.725312139, 1.009498317,
2106.745743651, 1.008952118,
2106.766175363, 1.008963546,
2106.786606975, 1.008729677,
2106.827470199, 1.008357794,
2106.847901811, 1.007535103,
2106.868333523, 1.007533047,
2106.888765036, 1.007009314,
2106.909196648, 1.007376657,
2106.929628360, 1.006952736,
2106.950059872, 1.005988027,
2106.970491485, 1.006267211,
2106.990923197, 1.005091312,
2107.011354809, 1.005573639,
2107.031786422, 1.005623197,
2107.072649546, 1.004980158,
2107.093081259, 1.005280987,
2107.113512871, 1.004250585,
2107.133944384, 1.003502539,
2107.154376096, 1.004520141,
2107.174807709, 1.003841170,
2107.195239221, 1.003434664,
2107.215670934, 1.003475659,
2107.236102547, 1.004018532,
2107.256534259, 1.002955001,
2107.276965772, 1.002421868,
2107.338260610, 1.001776786,
2107.358692223, 1.002417251,
2107.379123936, 1.001147401,
2107.399555448, 1.002308528,
2107.419987061, 1.002932358,
2107.440418774, 1.002213993,
2107.460850387, 1.001725093,
2107.481282000, 1.001508195,
2107.501713613, 1.001041095,
2107.522145226, 1.000922085,
2107.542576839, 1.001077584,
2107.563008452, 1.000510553,
2107.583440065, 1.000454842,
2107.603871778, 1.001048803,
2107.624303291, 1.000811648,
2107.644734904, 1.000476930,
2107.665166618, 1.000797896,
2107.685598131, 1.000476400,
2107.706029844, 1.000135220,
2107.726461357, 1.001006173,
2107.746892971, 1.000895940,
2107.767324684, 1.000448238,
2107.808187811, 1.000602781,
2107.828619524, 1.000407324,
2107.849051038, 1.000590323,
2107.869482651, 1.000543309,
2107.889914365, 1.000200627,
2107.910345879, 1.001193667,
2107.930777492, 1.001167827,
2107.951209206, 1.000998536,
2107.971640719, 1.001843479,
2107.992072433, 1.001948124,
2108.012504047, 1.001661928,
2108.053367275, 1.001545868,
2108.073798888, 1.001893412,
2108.094230502, 1.002124436,
2108.114662116, 1.001709199,
2108.135093730, 1.002268060,
2108.155525344, 1.002387489,
2108.175957058, 1.002038227,
2108.196388572, 1.002729411,
2108.216820286, 1.003235936,
2108.237251901, 1.002604502,
2108.257683415, 1.002739188,
2108.318978258, 1.003765651,
2108.339409972, 1.004758138,
2108.359841586, 1.005046085,
2108.380273101, 1.005472139,
2108.400704815, 1.004531472,
2108.421136430, 1.004020920,
2108.441568044, 1.004265225,
2108.461999659, 1.004306583,
2108.482431173, 1.004800356,
2108.502862888, 1.004560155,
2108.543726117, 1.005127399,
2108.564157732, 1.005292618,
2108.584589347, 1.006146784,
2108.605020962, 1.005619564,
2108.625452577, 1.006202348,
2108.645884192, 1.005956073,
2108.666315907, 1.005562078,
2108.686747522, 1.006144800,
2108.707179037, 1.006240857,
2108.727610752, 1.006041197,
2108.748042367, 1.005246342,
2108.788905597, 1.006952409,
2108.809337213, 1.006737358,
2108.829768728, 1.006480964,
2108.850200443, 1.006614418,
2108.870632059, 1.006483058,
2108.891063774, 1.006331176,
2108.911495290, 1.006829768,
2108.931926905, 1.006656083,
2108.952358621, 1.006228373,
2108.972790136, 1.007120694,
2108.993221752, 1.005154206,
2109.034084984, 1.004179908,
2109.054516599, 1.004100658,
2109.074948315, 1.003503798,
2109.095379831, 1.004043031,
2109.115811547, 1.003370745,
2109.136243063, 1.003185460,
2109.156674679, 1.003477660,
2109.177106395, 1.005582581,
2109.197537911, 1.004724542,
2109.217969527, 1.006260380,
2109.238401244, 1.006517907,
2109.299696093, 1.005422393,
2109.320127709, 1.005712688,
2109.340559426, 1.005526838,
2109.360990942, 1.005366614,
2109.381422559, 1.005755605,
2109.401854275, 1.005592641,
2109.422285792, 1.005587963,
2109.442717409, 1.005998358,
2109.463149126, 1.007142516,
2109.483580642, 1.006789458,
2109.524443976, 1.007086534,
2109.544875493, 1.005502595,
2109.565307210, 1.005727223,
2109.585738827, 1.005695480,
2109.606170344, 1.006074345,
2109.626602062, 1.005604386,
2109.647033679, 1.005503073,
2109.667465296, 1.006028401,
2109.687896914, 1.006224317,
2109.708328531, 1.005877764,
2109.728760148, 1.006291632,
2109.769623384, 1.006188966,
2109.790055001, 1.006843937,
2109.810486719, 1.006713572,
2109.830918237, 1.006306525,
2109.851349954, 1.007199377,
2109.871781472, 1.006632623,
2109.892213090, 1.007265067,
2109.912644808, 1.007026217,
2109.933076326, 1.007732979,
2109.953507944, 1.007392572,
2109.973939662, 1.007405018,
2110.014802899, 1.008080138,
2110.035234517, 1.008905946,
2110.055666035, 1.009020946,
2110.076097754, 1.009437932,
2110.096529372, 1.008851617,
2110.116960891, 1.009253772,
2110.137392609, 1.009281485,
2110.157824228, 1.009412648,
2110.178255847, 1.009981231,
2110.198687465, 1.009936665,
2110.219119084, 1.009849422,
2110.259982322, 1.011346619,
2110.280413941, 1.011417009,
2110.300845660, 1.011780013,
2110.321277279, 1.012343415,
2110.341708798, 1.012475876,
2110.362140518, 1.013136218,
2110.382572137, 1.013493458,
2110.403003756, 1.013491929,
2110.423435376, 1.013244566,
2110.443866995, 1.014130466,
2110.464298615, 1.014446070,
2110.505161754, 1.013899953,
2110.525593474, 1.014477949,
2110.546025094, 1.015528402,
2110.566456613, 1.015917061,
2110.586888333, 1.015895631,
2110.607319953, 1.016250234,
2110.627751673, 1.017060194,
2110.648183193, 1.018289829,
2110.668614814, 1.017973979,
2110.689046534, 1.017355234,
2110.709478054, 1.017528512,
2110.770772916, 1.019166865,
2110.791204536, 1.019487372,
2110.811636257, 1.020963821,
2110.832067777, 1.020959799,
2110.852499498, 1.021185699,
2110.872931119, 1.022247970,
2110.893362740, 1.022712651,
2110.913794361, 1.022217818,
2110.934225982, 1.023123592,
2110.954657603, 1.022604556,
2110.975089224, 1.023807156,
2110.995520845, 1.022944078,
2111.015952467, 1.024214995,
2111.036384188, 1.023696494,
2111.056815710, 1.023884697,
2111.077247431, 1.023887525,
2111.097679053, 1.023794084,
2111.118110574, 1.024372603,
2111.138542296, 1.023199588,
2111.158973818, 1.023691850,
2111.179405440, 1.024720544,
2111.199837162, 1.023741824,
2111.261132028, 1.026052352,
2111.281563550, 1.025828571,
2111.301995272, 1.025853543,
2111.322426895, 1.026312908,
2111.342858417, 1.025231768,
2111.363290140, 1.026518831,
2111.383721762, 1.026197956,
2111.404153385, 1.025198772,
2111.424585008, 1.026430365,
2111.445016630, 1.025542830,
2111.485879876, 1.024469925,
2111.506311499, 1.026535726,
2111.526743222, 1.025233902,
2111.547174845, 1.025100931,
2111.567606369, 1.025282853,
2111.588038092, 1.025015262,
2111.608469715, 1.025052801,
2111.628901239, 1.025705117,
2111.649332962, 1.025764463,
2111.669764586, 1.025798772,
2111.690196310, 1.026062632,
2111.731059457, 1.027850823,
2111.751491181, 1.023904087,
2111.771922705, 1.024114105,
2111.792354329, 1.022969349,
2111.812785953, 1.023309502,
2111.833217577, 1.023113060,
2111.853649202, 1.028641645,
2111.874080826, 1.023601332,
2111.894512451, 1.022721087,
2111.914944175, 1.022637805,
2111.935375700, 1.021928252,
2111.976239049, 1.021928419,
2111.996670574, 1.022696037,
2112.017102199, 1.022845084,
2112.037533924, 1.022654470,
2112.057965549, 1.021970819,
2112.078397174, 1.021323547,
2112.098828799, 1.021049410,
2112.119260425, 1.021259505,
2112.139692050, 1.021260129,
2112.160123676, 1.020526347,
2112.180555301, 1.020829788,
2112.221418553, 1.019550105,
2112.241850179, 1.018974073,
2112.262281904, 1.018649165,
2112.282713430, 1.019033194,
2112.344008309, 1.017354677,
2112.364440035, 1.017153335,
2112.384871662, 1.016787204,
2112.405303188, 1.016665819,
2112.425734915, 1.016160654,
2112.466598068, 1.016106680,
2112.487029795, 1.015746334,
2112.507461422, 1.015214705,
2112.527893049, 1.015125300,
2112.548324676, 1.014252541,
2112.568756303, 1.014331906,
2112.589187930, 1.013887536,
2112.609619558, 1.014131013,
2112.630051185, 1.012685675,
2112.650482812, 1.012557601,
2112.670914440, 1.011493141,
2112.711777795, 1.011248065,
2112.732209323, 1.011682468,
2112.752641051, 1.010469323,
2112.773072679, 1.009894594,
2112.793504207, 1.008964065,
2112.813935936, 1.008997116,
2112.834367564, 1.008304778,
2112.854799092, 1.008087662,
2112.875230821, 1.008314294,
2112.895662449, 1.008201372,
2112.916094178, 1.007687009,
2112.956957336, 1.006666060,
2112.977389064, 1.006040683,
2112.997820594, 1.006624259,
2113.018252223, 1.006989797,
2113.038683952, 1.006660210,
2113.059115481, 1.006399508,
2113.079547110, 1.005643663,
2113.099978840, 1.004995541,
2113.120410370, 1.006439864,
2113.161273729, 1.004371788,
2113.243000149, 1.002133332,
2113.263431879, 1.003403290,
2113.283863509, 1.003485936,
2113.304295140, 1.003478975,
2113.324726770, 1.002499503,
2113.345158401, 1.002447795,
2113.365590131, 1.002389264,
2113.386021662, 1.002026474,
2113.406453293, 1.001924586,
2113.426885024, 1.002581055,
2113.447316555, 1.002136118,
2113.467748186, 1.001228267,
2113.488179918, 1.001703174,
2113.508611449, 1.002267119,
2113.529043180, 1.002495509,
2113.549474812, 1.001737254,
2113.569906344, 1.001583505,
2113.590338075, 1.002672043,
2113.610769707, 1.001964025,
2113.631201239, 1.001712621,
2113.651632971, 1.001349267,
2113.692496135, 0.999768803,
2113.712927868, 0.999792366,
2113.733359500, 0.999841456,
2113.753791233, 0.999590191,
2113.774222765, 0.999510264,
2113.794654398, 0.999361884,
2113.815086031, 0.999186917,
2113.835517764, 0.999131816,
2113.855949297, 0.999441563,
2113.876381030, 0.998888224,
2113.896812563, 0.999421862,
2113.937675930, 0.999495933,
2113.958107464, 0.998474985,
2113.978539197, 0.998413156,
2113.998970831, 0.998456368,
2114.019402365, 0.997872075,
2114.039834099, 0.998192238,
2114.060265733, 0.998461074,
2114.080697267, 0.998683120,
2114.101129001, 0.998455225,
2114.121560635, 0.998793573,
2114.141992370, 1.000344703,
2114.182855539, 0.998869264,
2114.203287274, 0.998245887,
2114.223718809, 0.998336636,
2114.244150444, 0.999158416,
2114.264582179, 0.999110460,
2114.285013714, 0.998988586,
2114.305445449, 1.000070801,
2114.325877085, 1.000036156,
2114.346308720, 0.999494758,
2114.366740356, 1.000340890,
2114.387171991, 1.000490327,
2114.428035263, 0.999099746,
2114.448466899, 0.997818244,
2114.468898535, 0.997520576,
2114.489330172, 0.997948681,
2114.509761808, 0.998697429,
2114.530193544, 0.998229128,
2114.550625081, 0.998542271,
2114.571056718, 0.999814001,
2114.591488455, 1.000561732,
2114.611919991, 1.001265654,
2114.632351628, 1.001730536,
2114.673214903, 1.000748071,
2114.693646540, 1.001169194,
2114.714078278, 1.001236324,
2114.734509815, 1.001205636,
2114.754941553, 1.002230695,
2114.775373191, 1.001966416,
2114.795804728, 1.002285066,
2114.816236466, 1.003123493,
2114.836668105, 1.002851183,
2114.857099643, 1.003918193,
2114.877531381, 1.003614721,
2114.938826297, 1.000132907,
2114.959257936, 1.002417968,
2114.979689674, 1.003033382,
2115.000121213, 1.003335151,
2115.020552853, 1.002809021,
2115.040984592, 1.003851349,
2115.061416231, 1.003913620,
2115.081847771, 1.004080991,
2115.102279510, 1.004251326,
2115.122711150, 1.004186441,
2115.184006070, 1.004723402,
2115.204437710, 1.004936375,
2115.224869350, 1.004663246,
2115.245300990, 1.004317868,
2115.265732631, 1.004572707,
2115.286164272, 1.004456588,
2115.306596012, 1.005084658,
2115.327027553, 1.004990990,
2115.367890935, 1.005793677,
2115.408754118, 1.004754923,
2115.429185859, 1.004423088,
2115.449617401, 1.004330917,
2115.470049042, 1.004456403,
2115.490480784, 1.005164758,
2115.510912326, 1.004725124,
2115.531344068, 1.004050212,
2115.551775710, 1.004621693,
2115.572207353, 1.004434132,
2115.592638995, 1.004564022,
2115.613070638, 1.004981441,
2115.653933923, 1.004172944,
2115.674365566, 1.004446666,
2115.694797209, 1.003739624,
2115.715228952, 1.003788645,
2115.735660495, 1.004094511,
2115.756092239, 1.005815184,
2115.776523882, 1.004553593,
2115.796955426, 1.005177980,
2115.817387169, 1.005157288,
2115.837818813, 1.004194230,
2115.858250357, 1.004375905,
2115.899113745, 1.004188752,
2115.919545390, 1.004752000,
2115.939977034, 1.003836803,
2115.960408579, 1.003748821,
2115.980840324, 1.003974695,
2116.001271968, 1.004928159,
2116.021703513, 1.004958983,
2116.042135259, 1.004559104,
2116.062566904, 1.005320736,
2116.082998549, 1.005873601,
2116.103430195, 1.005272155,
2116.144293586, 1.004958836,
2116.164725132, 1.005436093,
2116.185156778, 1.005408392,
2116.205588524, 1.005824490,
2116.226020170, 1.006537815,
2116.246451716, 1.006207228,
2116.266883463, 1.006693732,
2116.287315109, 1.007386121,
2116.307746756, 1.007355336,
2116.328178403, 1.011567007,
2116.348610050, 1.007409898,
2116.389473344, 1.007994812,
2116.409904992, 1.007975279,
2116.430336739, 1.008108648,
2116.450768287, 1.008640273,
2116.471199935, 1.009100730,
2116.491631683, 1.009697747,
2116.512063231, 1.008820957,
2116.532494979, 1.009727040,
2116.552926627, 1.010003877,
2116.573358175, 1.011188830,
2116.593789924, 1.010258572,
2116.634653122, 1.011816028,
2116.655084871, 1.012009133,
2116.675516420, 1.012088240,
2116.695948169, 1.011981581,
2116.716379818, 1.012468217,
2116.736811368, 1.013377223,
2116.757243117, 1.013199768,
2116.777674767, 1.013341529,
2116.798106417, 1.013641052,
2116.818538067, 1.014281678,
2116.838969717, 1.015508143,
2116.900264668, 1.014768510,
2116.920696419, 1.015674379,
2116.941128070, 1.016803776,
2116.961559621, 1.016496862,
2116.981991372, 1.017182433,
2117.002423023, 1.016926712,
2117.022854574, 1.017583066,
2117.043286326, 1.018013788,
2117.063717978, 1.019853170,
2117.084149729, 1.018873307,
2117.145444686, 1.019208197,
2117.165876238, 1.019411089,
2117.186307890, 1.018907420,
2117.206739543, 1.019918273,
2117.227171196, 1.020327989,
2117.247602848, 1.019360252,
2117.268034502, 1.020566101,
2117.288466155, 1.021282192,
2117.308897908, 1.021165289,
2117.329329461, 1.021626268,
2117.390624423, 1.020415818,
2117.411056077, 1.021835769,
2117.431487831, 1.022181320,
2117.451919485, 1.021621063,
2117.472351139, 1.022343965,
2117.492782794, 1.022014949,
2117.513214449, 1.024186163,
2117.533646103, 1.023707521,
2117.554077758, 1.024378308,
2117.574509414, 1.022920533,
2117.594941169, 1.022856564,
2117.615372724, 1.023789269,
2117.635804380, 1.024016115,
2117.656236136, 1.023795570,
2117.676667691, 1.023917259,
2117.697099447, 1.024444325,
2117.717531104, 1.023700268,
2117.737962660, 1.024024655,
2117.758394416, 1.024010576,
2117.778826073, 1.023627073,
2117.799257630, 1.022961300,
2117.819689386, 1.022439725,
2117.880984358, 1.020837192,
2117.901416015, 1.021280178,
2117.921847673, 1.022025266,
2117.942279331, 1.022855383,
2117.962710988, 1.022182083,
2117.983142646, 1.022731784,
2118.003574305, 1.021387057,
2118.024005963, 1.022102624,
2118.044437621, 1.022284555,
2118.064869280, 1.021846577,
2118.105732698, 1.020110050,
2118.126164257, 1.020978987,
2118.146596016, 1.019975148,
2118.167027675, 1.019944600,
2118.187459235, 1.020294993,
2118.207890995, 1.019584706,
2118.228322654, 1.019806064,
2118.248754214, 1.020077957,
2118.269185974, 1.018639028,
2118.289617635, 1.019286139,
2118.310049395, 1.019255339,
2118.350912616, 1.018250499,
2118.371344377, 1.017186641,
2118.391775938, 1.017623840,
2118.412207599, 1.017252347,
2118.432639361, 1.017125417,
2118.453070922, 1.016968997,
2118.473502684, 1.017165585,
2118.493934346, 1.017856063,
2118.514365908, 1.016949188,
2118.534797670, 1.016309136,
2118.555229332, 1.016530272,
2118.596092657, 1.015349677,
2118.677819309, 1.014072796,
2118.698250972, 1.013486081,
2118.718682635, 1.014037826,
2118.739114299, 1.013899213,
2118.759545963, 1.013279686,
2118.779977627, 1.012530285,
2118.800409291, 1.012458645,
2118.841272619, 1.011363739,
2118.861704384, 1.010762268,
2118.882136049, 1.010513312,
2118.902567614, 1.010526339,
2118.922999379, 1.009935295,
2118.943431044, 1.009813871,
2118.963862609, 1.009791732,
2118.984294375, 1.008679506,
2119.004726040, 1.008783243,
2119.025157606, 1.008179346,
2119.045589372, 1.006960562,
2119.106884371, 1.009146362,
2119.127316038, 1.007644319,
2119.147747805, 1.006941767,
2119.168179372, 1.006575666,
2119.188611039, 1.006582589,
2119.209042806, 1.005632932,
2119.229474373, 1.005780455,
2119.249906141, 1.005033342,
2119.270337809, 1.004443942,
2119.290769477, 1.004969549,
2119.352064381, 1.003490544,
2119.372496150, 1.002079168,
2119.392927819, 1.001789068,
2119.413359588, 1.001916118,
2119.433791157, 1.001625011,
2119.454222826, 1.001818816,
2119.474654595, 1.001216689,
2119.495086165, 1.000740719,
2119.515517835, 1.000734581,
2119.535949604, 1.000983731,
2119.576812845, 0.999294036,
2119.597244615, 1.000221110,
2119.617676186, 1.000209925,
2119.638107956, 0.999826338,
2119.658539627, 0.999386892,
2119.678971198, 0.999635335,
2119.699402969, 0.999779042,
2119.719834641, 0.999105628,
2119.740266312, 0.999215690,
2119.760697984, 0.998870079,
2119.781129656, 0.999107730,
2119.821993000, 0.997490222,
2119.842424673, 0.997591654,
2119.862856445, 0.996958041,
2119.883288118, 0.995309383,
2119.903719691, 0.995097248,
2119.924151364, 0.995078806,
2119.944583037, 0.995045476,
2119.965014710, 0.994964058,
2119.985446484, 0.995732500,
2120.005878058, 0.996783890,
2120.026309832, 0.996893671,
2120.067173080, 0.995740430,
2120.087604854, 0.997435527,
2120.108036529, 0.998081725,
2120.128468104, 0.996973630,
2120.148899879, 0.996961400,
2120.169331554, 0.996823525,
2120.189763329, 0.996399081,
2120.210194904, 0.996877766,
2120.230626580, 0.995859648,
2120.251058356, 0.996903314,
2120.271489932, 0.996575348,
2120.312353384, 0.996680793,
2120.332784961, 0.996830689,
2120.353216637, 0.996257381,
2120.373648414, 0.997287114,
2120.394079991, 0.997110904,
2120.414511768, 0.996386352,
2120.434943446, 0.996947258,
2120.455375123, 0.997245723,
2120.475806801, 0.997317900,
2120.496238479, 0.996305640,
2120.516670157, 0.997717458,
2120.557533514, 0.996935171,
2120.577965292, 0.996919469,
2120.598396871, 0.997538043,
2120.618828550, 0.998107070,
2120.639260329, 0.997927699,
2120.659691908, 0.997508047,
2120.680123588, 0.997926974,
2120.700555367, 0.998914995,
2120.720986947, 0.998884697,
2120.741418627, 0.998875667,
2120.761850407, 0.998292106,
2120.802713768, 0.999436587,
2120.823145449, 0.999738065,
2120.843577030, 1.000472296,
2120.864008811, 1.000487179,
2120.884440492, 1.000490310,
2120.904872074, 1.001169681,
2120.925303855, 1.000990527,
2120.945735537, 1.001164639,
2120.966167319, 1.000436266,
2120.986598901, 1.000718354,
2121.007030584, 1.001500305,
2121.068325632, 0.998743559,
2121.088757415, 1.000197312,
2121.109189098, 1.000157981,
2121.129620682, 1.000121617,
2121.150052465, 1.000926767,
2121.170484149, 1.002331729,
2121.190915833, 1.002477655,
2121.211347517, 1.003042071,
2121.231779202, 1.004906145,
2121.252210886, 1.004582269,
2121.272642571, 1.004055120,
2121.293074256, 1.007510214,
2121.313505941, 1.007988624,
2121.333937626, 1.005861481,
2121.354369412, 1.005815567,
2121.374800997, 1.006054425,
2121.395232683, 1.005122054,
2121.415664469, 1.004870837,
2121.436096055, 1.004559510,
2121.456527742, 1.005074261,
2121.476959528, 1.005103509,
2121.497391115, 1.004895879,
2121.538254589, 1.004106638,
2121.558686176, 1.004414360,
2121.579117964, 1.004069154,
2121.599549652, 1.004891337,
2121.619981340, 1.005447231,
2121.640413028, 1.004718745,
2121.660844716, 1.005565434,
2121.681276404, 1.005309588,
2121.701708093, 1.005741309,
2121.722139782, 1.005637135,
2121.742571571, 1.006734713,
2121.783434850, 1.007403060,
2121.803866639, 1.006176242,
2121.824298329, 1.006116025,
2121.844729919, 1.005265745,
2121.865161709, 1.005760315,
2121.885593399, 1.004975938,
2121.906024990, 1.005040767,
2121.926456781, 1.005335061,
2121.946888472, 1.005421221,
2121.967320163, 1.005453617,
2121.987751854, 1.005454328,
2122.049046929, 1.004238746,
2122.069478521, 1.006262864,
2122.089910314, 1.005603152,
2122.110342006, 1.003918244,
2122.130773799, 1.004838229,
2122.151205392, 1.004436907,
2122.171637085, 1.004751030,
2122.192068878, 1.004572713,
2122.212500472, 1.005521617,
2122.232932165, 1.005793359,
2122.273795653, 1.004112996,
2122.294227247, 1.003905017,
2122.314659042, 1.006434669,
2122.335090736, 1.005782291,
2122.355522431, 1.005363818,
2122.375954126, 1.004488430,
2122.396385821, 1.008447929,
2122.416817517, 1.011420686,
2122.437249212, 1.009563292,
2122.457680908, 1.009282094,
2122.478112704, 1.008321983,
2122.518976097, 1.008479983,
2122.539407793, 1.008081184,
2122.559839390, 1.008008713,
2122.580271187, 1.008018438,
2122.600702885, 1.008482340,
2122.621134482, 1.008594653,
2122.641566280, 1.009649327,
2122.661997877, 1.010859569,
2122.682429675, 1.011382699,
2122.702861374, 1.011835248,
2122.723292972, 1.012288958,
2122.784588068, 1.009688309,
2122.805019868, 1.010010605,
2122.825451567, 1.011192452,
2122.845883267, 1.011431643,
2122.866314966, 1.011569951,
2122.886746666, 1.011939286,
2122.907178467, 1.012426092,
2122.927610167, 1.013191986,
2122.948041768, 1.014596170,
2122.968473569, 1.014747605,
2123.029768672, 1.013236521,
2123.050200374, 1.012066439,
2123.070632176, 1.013718184,
2123.091063778, 1.012841898,
2123.111495480, 1.013940032,
2123.131927283, 1.013226465,
2123.152358885, 1.014179049,
2123.172790588, 1.015642261,
2123.193222391, 1.015014610,
2123.213653995, 1.015005576,
2123.274949106, 1.015586769,
2123.295380910, 1.016342609,
2123.315812514, 1.016515712,
2123.336244219, 1.017263555,
2123.356676023, 1.017535378,
2123.377107628, 1.017619648,
2123.397539333, 1.018464124,
2123.417971139, 1.018781946,
2123.438402745, 1.019706596,
2123.458834550, 1.020126663,
2123.499697963, 1.017949280,
2123.520129669, 1.019444243,
2123.540561376, 1.019081777,
2123.560993082, 1.018811673,
2123.581424789, 1.020287144,
2123.601856497, 1.019997033,
2123.622288304, 1.020356891,
2123.642720012, 1.021711344,
2123.663151620, 1.021272009,
2123.683583428, 1.020859858,
2123.704015136, 1.021925076,
2123.744878553, 1.021803386,
2123.765310262, 1.022274090,
2123.785741872, 1.022159270,
2123.806173681, 1.021554675,
2123.826605390, 1.021801478,
2123.847037200, 1.021886983,
2123.867468810, 1.021984745,
2123.887900521, 1.024013397,
2123.908332231, 1.024853334,
2123.928763942, 1.024521049,
2123.949195653, 1.025420322,
2123.990059075, 1.022918679,
2124.010490886, 1.022458086,
2124.030922498, 1.022692446,
2124.051354210, 1.022416384,
2124.071786022, 1.022046757,
2124.092217635, 1.022230250,
2124.112649347, 1.022727624,
2124.133081160, 1.022749955,
2124.153512873, 1.022170450,
2124.173944486, 1.022744025,
2124.194376300, 1.022541970,
2124.235239727, 1.021252526,
2124.255671442, 1.021253609,
2124.276103156, 1.022112396,
2124.296534970, 1.021306386,
2124.316966585, 1.020976516,
2124.337398300, 1.021738763,
2124.357830115, 1.020868709,
2124.378261731, 1.021091758,
2124.398693547, 1.020346101,
2124.419125262, 1.020951883,
2124.439556879, 1.021148761,
2124.480420411, 1.019384555,
2124.500852028, 1.018944174,
2124.521283845, 1.019494740,
2124.541715562, 1.019463320,
2124.562147280, 1.019053177,
2124.582578998, 1.018783484,
2124.603010715, 1.018787181,
2124.623442433, 1.018599723,
2124.643874152, 1.018852597,
2124.664305870, 1.018440899,
2124.684737589, 1.019273590,
2124.746032747, 1.017682408,
2124.766464466, 1.015460715,
2124.786896286, 1.016084346,
2124.807328006, 1.016341779,
2124.827759627, 1.017550959,
2124.848191447, 1.016932492,
2124.868623168, 1.016882834,
2124.889054789, 1.014792292,
2124.909486610, 1.015211908,
2124.929918332, 1.014964066,
2124.991213497, 1.013337110,
2125.011645320, 1.013162665,
2125.032076942, 1.011678469,
2125.052508665, 1.012416475,
2125.072940488, 1.013134884,
2125.093372111, 1.013318932,
2125.113803835, 1.013966526,
2125.134235659, 1.012655379,
2125.154667283, 1.012270537,
2125.175099107, 1.012096289,
2125.195530831, 1.011611956,
2125.215962456, 1.011795028,
2125.236394281, 1.011742174,
2125.256826006, 1.011706536,
2125.277257731, 1.010995064,
2125.297689456, 1.008852125,
2125.318121182, 1.007924721,
2125.338552908, 1.007452579,
2125.358984635, 1.007411669,
2125.379416361, 1.007780154,
2125.399848088, 1.008369517,
2125.420279815, 1.007466901,
2125.461143269, 1.007952231,
2125.481574997, 1.007635340,
2125.502006825, 1.007668229,
2125.522438553, 1.008133905,
2125.542870181, 1.006947782,
2125.563302010, 1.007442095,
2125.583733739, 1.007059919,
2125.604165368, 1.007057964,
2125.624597197, 1.007310224,
2125.645028926, 1.006789929,
2125.665460556, 1.006144257,
2125.706324116, 1.005187631,
2125.726755947, 1.004442979,
2125.747187577, 1.004986967,
2125.767619308, 1.004230338,
2125.788051139, 1.004027395,
2125.808482771, 1.004422094,
2125.828914502, 1.003720322,
2125.849346334, 1.003079397,
2125.869777966, 1.003163509,
2125.890209799, 1.003058727,
2125.910641531, 1.002808120,
2125.951504997, 1.001989738,
2125.971936630, 1.001879343,
2125.992368464, 1.001490042,
2126.012800197, 1.001461172,
2126.033231932, 1.001201471,
2126.053663566, 1.001008573,
2126.074095400, 1.000414187,
2126.094527135, 1.000487267,
2126.114958870, 1.000374964,
2126.135390605, 1.000827856,
2126.155822340, 1.000999775,
2126.196685812, 0.999109832,
2126.217117548, 0.999582969,
2126.237549384, 0.998906974,
2126.257981021, 0.999332721,
2126.278412858, 0.998995682,
2126.298844595, 0.998602988,
2126.319276232, 0.999268783,
2126.339708070, 0.998663966,
2126.360139808, 1.000033053,
2126.380571446, 0.998852907,
2126.401003284, 0.999335204,
2126.441866661, 0.997759220,
2126.462298500, 0.997160419,
2126.482730240, 0.996499125,
2126.503162079, 0.996869592,
2126.523593719, 0.996677512,
2126.544025459, 0.996867872,
2126.564457299, 0.997484448,
2126.584889040, 0.998482358,
2126.605320680, 0.998615914,
2126.625752422, 0.998977103,
2126.646184263, 0.998047660,
2126.687047746, 0.996098466,
2126.707479388, 0.997275923,
2126.727911230, 0.995955295,
2126.748342973, 0.996682415,
2126.768774615, 0.996388480,
2126.789206458, 0.997877840,
2126.809638201, 0.997292089,
2126.830070045, 0.997838197,
2126.850501689, 0.998200429,
2126.870933433, 0.999604808,
2126.891365277, 0.999517627,
2126.952660511, 0.997146044,
2126.973092156, 0.998004394,
2126.993523901, 0.997776796,
2127.013955747, 0.998333812,
2127.034387393, 0.998195564,
2127.054819239, 0.998901134,
2127.075250986, 0.998475281,
2127.095682632, 0.998925710,
2127.116114479, 0.999293611,
2127.136546226, 0.999936587,
2127.197841469, 0.997982648,
2127.218273318, 1.000387114,
2127.238704966, 0.999542502,
2127.259136715, 0.999591457,
2127.279568464, 0.999714191,
2127.300000213, 1.000624753,
2127.320431962, 1.000377452,
2127.340863812, 1.000737462,
2127.361295462, 1.001145893,
2127.381727212, 1.001577775,
2127.422590713, 1.001223212,
2127.443022564, 1.001099804,
2127.463454316, 1.001721912,
2127.483885967, 1.001701392,
2127.504317819, 1.002041307,
2127.524749571, 1.002390397,
2127.545181223, 1.002607724,
2127.565613076, 1.002260779,
2127.586044828, 1.003598658,
2127.606476682, 1.003274885,
2127.626908335, 1.004014791,
2127.688203596, 1.002243895,
2127.708635350, 1.003800026,
2127.729067205, 1.004073920,
2127.749498860, 1.003741401,
2127.769930715, 1.004519764,
2127.790362470, 1.003774880,
2127.810794226, 1.004096159,
2127.831225982, 1.004316099,
2127.851657738, 1.004337600,
2127.872089494, 1.005207095,
2127.912953007, 1.004340518,
2127.933384765, 1.004855056,
2127.953816522, 1.004848205,
2127.974248280, 1.005347548,
2127.994680138, 1.005222414,
2128.015111796, 1.005227291,
2128.035543554, 1.005341273,
2128.055975413, 1.005952552,
2128.076407072, 1.006081554,
2128.096838831, 1.006829486,
2128.117270690, 1.006298062,
2128.158134210, 1.005108814,
2128.178565970, 1.004640096,
2128.198997631, 1.005201115,
2128.219429492, 1.005150003,
2128.239861253, 1.005817473,
2128.260292914, 1.005193739,
2128.280724776, 1.005833076,
2128.301156538, 1.006016500,
2128.321588200, 1.006429682,
2128.342020062, 1.006494199,
2128.362451825, 1.006452761,
2128.423747114, 1.007519948,
2128.444178978, 1.007768239,
2128.464610742, 1.009116363,
2128.485042406, 1.017542000,
2128.505474270, 1.018061156,
2128.525906035, 1.015085974,
2128.546337800, 1.011266039,
2128.566769565, 1.009512133,
2128.587201331, 1.008541993,
2128.628064863, 1.006942080,
2128.648496629, 1.006209028,
2128.668928396, 1.006365486,
2128.689360163, 1.006564575,
2128.709792030, 1.006412019,
2128.730223697, 1.010259669,
2128.750655465, 1.008890285,
2128.771087333, 1.009140953,
2128.791519001, 1.008937349,
2128.811950770, 1.008222757,
2128.832382638, 1.011275242,
2128.852814308, 1.010762776,
2128.914109616, 1.007427950,
2128.934541486, 1.007393064,
2128.954973257, 1.007644146,
2128.975405027, 1.008104003,
2128.995836798, 1.007400272,
2129.016268570, 1.007777266,
2129.036700341, 1.009514070,
2129.057132113, 1.009210383,
2129.077563885, 1.010371853,
2129.097995757, 1.009571948,
2129.159291076, 1.008639494,
2129.179722849, 1.010109069,
2129.200154523, 1.009581159,
2129.220586397, 1.009982063,
2129.241018171, 1.010647809,
2129.261449945, 1.010415926,
2129.281881720, 1.010699296,
2129.302313495, 1.011714074,
2129.322745270, 1.012275773,
2129.343177046, 1.012262698,
2129.384040598, 1.013198974,
2129.404472374, 1.012270263,
2129.424904051, 1.013534012,
2129.445335928, 1.012639291,
2129.465767705, 1.014274716,
2129.486199583, 1.014437009,
2129.506631261, 1.014629651,
2129.527063039, 1.015518887,
2129.547494917, 1.015578286,
2129.567926596, 1.016507232,
2129.588358374, 1.016826192,
2129.649653813, 1.015833085,
2129.670085593, 1.016495594,
2129.690517373, 1.016259408,
2129.710949154, 1.017194297,
2129.731380935, 1.017298622,
2129.751812716, 1.016537048,
2129.772244497, 1.017234583,
2129.792676279, 1.017915257,
2129.813108061, 1.017612202,
2129.833539943, 1.018537370,
2129.874403508, 1.018306721,
2129.894835291, 1.018344635,
2129.915266975, 1.018504948,
2129.935698858, 1.019223124,
2129.956130642, 1.019517008,
2129.976562327, 1.020010790,
2129.996994211, 1.020351320,
2130.017425896, 1.020600515,
2130.037857781, 1.020376408,
2130.058289566, 1.020771557,
2130.078721252, 1.021114277,
2130.119584924, 1.021604140,
2130.140016611, 1.021374171,
2130.160448497, 1.021091507,
2130.180880284, 1.020891188,
2130.201312172, 1.021386469,
2130.221743859, 1.020729038,
2130.242175647, 1.020728056,
2130.262607536, 1.021152310,
2130.283039224, 1.021211975,
2130.303471013, 1.021968338,
2130.323902902, 1.022181366,
2130.364766381, 1.021798424,
2130.385198271, 1.021697831,
2130.405630061, 1.021885979,
2130.426061851, 1.020902070,
2130.446493642, 1.021339328,
2130.466925433, 1.021163349,
2130.487357325, 1.021223725,
2130.507789016, 1.021071321,
2130.528220808, 1.020931427,
2130.548652700, 1.020462974,
2130.569084393, 1.021282338,
2130.630379772, 1.020942455,
2130.650811666, 1.021724984,
2130.671243360, 1.021784932,
2130.691675154, 1.021157903,
2130.712107048, 1.020178571,
2130.732538743, 1.017917698,
2130.752970638, 1.017410716,
2130.773402434, 1.017085418,
2130.793834130, 1.018087328,
2130.814266025, 1.018691806,
2130.875561415, 1.018953426,
2130.895993212, 1.020357436,
2130.916425010, 1.019264958,
2130.936856808, 1.019964936,
2130.957288606, 1.019337017,
2130.977720504, 1.018758632,
2130.998152303, 1.018615807,
2131.018584001, 1.019200771,
2131.039015901, 1.018325779,
2131.059447700, 1.018475871,
2131.120743100, 1.018237319,
2131.141174901, 1.018629585,
2131.161606702, 1.018138524,
2131.182038503, 1.017495488,
2131.202470405, 1.017213497,
2131.222902107, 1.017823003,
2131.243333909, 1.016915747,
2131.263765711, 1.017745867,
2131.284197514, 1.017574322,
2131.304629417, 1.015979504,
2131.365924828, 1.015294289,
2131.386356532, 1.014877429,
2131.406788337, 1.016002362,
2131.427220242, 1.015390519,
2131.447651947, 1.015304503,
2131.468083752, 1.014499551,
2131.488515658, 1.014571053,
2131.508947364, 1.014566419,
2131.529379271, 1.014455901,
2131.549811077, 1.014032764,
2131.590674691, 1.013871732,
2131.611106499, 1.012468445,
2131.631538307, 1.012023202,
2131.651970215, 1.012592984,
2131.672401923, 1.011805060,
2131.692833832, 1.012401040,
2131.713265641, 1.011444148,
2131.733697350, 1.011842342,
2131.754129260, 1.011000265,
2131.774561070, 1.010381668,
2131.794992780, 1.010893969,
2131.856288413, 1.009290925,
2131.876720124, 1.009293544,
2131.897151936, 1.008091217,
2131.917583748, 1.009080978,
2131.938015560, 1.007650986,
2131.958447373, 1.007228447,
2131.999310999, 1.007076118,
2132.019742813, 1.007488609,
2132.040174627, 1.007010534,
2132.060606441, 1.007513488,
2132.081038355, 1.005857796,
2132.101470070, 1.006281237,
2132.121901885, 1.006061672,
2132.142333801, 1.005580991,
2132.162765517, 1.005576476,
2132.183197333, 1.004977397,
2132.203629249, 1.005181263,
2132.224061066, 1.004417825,
2132.244492883, 1.004423681,
2132.264924700, 1.004416732,
2132.285356517, 1.003626779,
2132.326220153, 1.002784850,
2132.346651972, 1.002576098,
2132.367083891, 1.002337914,
2132.387515610, 1.002406801,
2132.407947529, 1.002356246,
2132.428379349, 1.001891113,
2132.469242989, 1.001947287,
2132.489674810, 1.000846808,
2132.510106531, 1.000711470,
2132.530538452, 1.000769556,
2132.571401996, 1.000596368,
2132.591833918, 1.000106544,
2132.612265741, 1.000046433,
2132.632697563, 1.000053029,
2132.653129387, 0.999783777,
2132.673561110, 0.999873021,
2132.693993034, 0.998854694,
2132.714424858, 0.999112036,
2132.734856682, 0.999000293,
2132.755288507, 0.998239099,
2132.775720332, 0.998944944,
2132.837015809, 0.997859821,
2132.857447735, 0.998265274,
2132.877879562, 0.998849544,
2132.898311289, 0.997965638,
2132.918743216, 0.998186964,
2132.939175043, 0.997714305,
2132.959606871, 0.998562984,
2132.980038699, 0.998250397,
2133.000470528, 0.998622604,
2133.020902457, 0.997423053,
2133.082197945, 0.997937313,
2133.102629675, 0.997744158,
2133.123061606, 0.998451142,
2133.143493436, 0.998315486,
2133.163925167, 0.998060512,
2133.184357099, 0.997516527,
2133.204788930, 0.997401066,
2133.225220662, 1.003468222,
2133.306948093, 0.998194819,
2133.327379827, 0.998630702,
2133.347811761, 0.999250804,
2133.368243595, 0.999300322,
2133.388675329, 0.999700529,
2133.409107264, 1.000299658,
2133.429539099, 0.999866421,
2133.449970935, 1.000316672,
2133.470402771, 1.000095351,
2133.490834607, 0.999721757,
2133.511266543, 1.000213269,
2133.552130117, 0.998134175,
2133.572562054, 0.998703070,
2133.592993892, 0.999379241,
2133.613425630, 0.999608434,
2133.633857569, 1.000305934,
2133.654289407, 1.000651069,
2133.674721346, 1.001214845,
2133.695153086, 1.001049224,
2133.715584925, 1.001138468,
2133.736016865, 1.002593311,
2133.756448606, 1.002109684,
2133.776880446, 1.001886572,
2133.797312387, 1.001539538,
2133.817744129, 1.001484228,
2133.838175970, 1.001337871,
2133.858607912, 1.001610877,
2133.879039654, 1.001604752,
2133.899471597, 1.002388471,
2133.919903440, 1.002077080,
2133.940335183, 1.002608792,
2133.960767127, 1.002171701,
2133.981198871, 1.002625178,
2134.001630815, 1.002858697,
2134.062926349, 1.003544570,
2134.083358195, 1.003400558,
2134.103790041, 1.003387054,
2134.124221887, 1.003307073,
2134.144653733, 1.003064550,
2134.165085581, 1.003732002,
2134.185517428, 1.003816753,
2134.205949275, 1.003944414,
2134.226381123, 1.003843162,
2134.246813071, 1.004280953,
2134.267244820, 1.004129133,
2134.287676768, 1.004309667,
2134.308108618, 1.004459725,
2134.328540367, 1.003571267,
2134.348972317, 1.004195563,
2134.369404167, 1.004139641,
2134.389835918, 1.003329822,
2134.410267868, 1.003059227,
2134.430699719, 1.003848935,
2134.451131671, 1.004526604,
2134.471563423, 1.004806159,
2134.491995275, 1.003608557,
2134.553290833, 1.004811989,
2134.573722687, 1.004798832,
2134.594154540, 1.006107744,
2134.614586494, 1.004679549,
2134.635018349, 1.003716344,
2134.655450104, 1.004172637,
2134.675882059, 1.004584874,
2134.696313814, 1.004538414,
2134.716745670, 1.003966637,
2134.778041239, 1.004083569,
2134.798473196, 1.003354810,
2134.818905054, 1.003610500,
2134.839336912, 1.004429158,
2134.859768770, 1.004736055,
2134.880200628, 1.004264933,
2134.900632587, 1.005931858,
2134.921064346, 1.004350175,
2134.941496206, 1.004658780,
2134.961928166, 1.006477972,
2134.982359926, 1.004667174,
2135.043655508, 1.005379978,
2135.064087470, 1.005293484,
2135.084519332, 1.005545017,
2135.104951094, 1.005383397,
2135.125383056, 1.005431750,
2135.145814919, 1.005507107,
2135.166246883, 1.005573852,
2135.186678646, 1.005691878,
2135.207110510, 1.006334894,
2135.227542474, 1.006048827,
2135.268406104, 1.006719277,
2135.288838069, 1.006953245,
2135.309269834, 1.006927007,
2135.329701700, 1.007115430,
2135.350133567, 1.007341922,
2135.370565433, 1.007714363,
2135.390997400, 1.007454366,
2135.411429267, 1.008136754,
2135.431861035, 1.007956264,
2135.452293003, 1.008006116,
2135.472724871, 1.007819579,
2135.534020478, 1.009797197,
2135.554452448, 1.010212589,
2135.574884218, 1.010972886,
2135.595316089, 1.010652861,
2135.615748059, 1.010825769,
2135.636179830, 1.011170488,
2135.656611702, 1.011805840,
2135.677043673, 1.011755711,
2135.697475445, 1.011999042,
2135.717907418, 1.012120134,
2135.779203037, 1.012038112,
2135.799634911, 1.012367221,
2135.820066685, 1.012858719,
2135.840498660, 1.014382684,
2135.860930535, 1.013680811,
2135.881362410, 1.014247084,
2135.901794286, 1.014420425,
2135.922226162, 1.014993059,
2135.942658138, 1.016634696,
2135.963089914, 1.016873400,
2135.983521791, 1.017141612,
2136.003953669, 1.016331966,
2136.024385546, 1.016827653,
2136.044817424, 1.016522905,
2136.065249403, 1.017140463,
2136.085681181, 1.017418203,
2136.106113160, 1.016935099,
2136.126545040, 1.017189665,
2136.146976819, 1.015611285,
2136.167408799, 1.015078583,
2136.187840680, 1.014655827,
2136.208272461, 1.014818150,
2136.249136324, 1.016000710,
2136.269568305, 1.016381043,
2136.290000087, 1.016508549,
2136.310431970, 1.018111633,
2136.330863953, 1.017961353,
2136.351295736, 1.017960596,
2136.371727620, 1.018693362,
2136.392159604, 1.018645993,
2136.412591388, 1.018983695,
2136.433023273, 1.017967941,
2136.453455258, 1.017348009,
2136.514750915, 1.020032699,
2136.535182801, 1.019595584,
2136.555614688, 1.020005741,
2136.576046575, 1.019994161,
2136.596478463, 1.019851959,
2136.616910351, 1.020127806,
2136.637342239, 1.020315212,
2136.657774128, 1.019874347,
2136.678206016, 1.019141440,
2136.698637906, 1.019564275,
2136.759933576, 1.018943500,
2136.780365566, 1.018632150,
2136.800797358, 1.020415022,
2136.821229349, 1.019846476,
2136.841661240, 1.020092850,
2136.862093033, 1.019992263,
2136.882525025, 1.019923730,
2136.902956918, 1.020065860,
2136.923388711, 1.019969046,
2136.943820705, 1.019237901,
2137.005116388, 1.019543170,
2137.025548283, 1.019661782,
2137.045980278, 1.019983231,
2137.066412074, 1.019566785,
2137.086843970, 1.019138485,
2137.107275966, 1.019106524,
2137.127707763, 1.018143576,
2137.148139660, 1.018126160,
2137.168571658, 1.017610980,
2137.189003556, 1.017296064,
2137.250299252, 1.017725557,
2137.270731151, 1.017776642,
2137.291163050, 1.017394116,
2137.332026851, 1.017048160,
2137.352458752, 1.017588825,
2137.372890653, 1.018060724,
2137.393322554, 1.018107563,
2137.413754456, 1.018306413,
2137.434186459, 1.017893026,
2137.495482167, 1.017172886,
2137.515913971, 1.017449593,
2137.536345975, 1.017449421,
2137.556777879, 1.016797570,
2137.577209684, 1.016777275,
2137.597641689, 1.017031449,
2137.618073595, 1.016142101,
2137.638505401, 1.016657578,
2137.658937407, 1.015641257,
2137.679369314, 1.015742233,
2137.740665036, 1.015890661,
2137.761097044, 1.015353133,
2137.781528852, 1.014753352,
2137.801960761, 1.014851889,
2137.822392770, 1.014418127,
2137.842824580, 1.014181446,
2137.863256490, 1.014624827,
2137.883688500, 1.013534400,
2137.904120411, 1.013589078,
2137.924552322, 1.013062213,
2137.965416045, 1.012712240,
2137.985848057, 1.012491683,
2138.006279969, 1.013483639,
2138.026711782, 1.011558309,
2138.047143796, 1.011699436,
2138.067575709, 1.011297009,
2138.088007723, 1.010949844,
2138.108439537, 1.010629000,
2138.128871452, 1.009729208,
2138.149303467, 1.009975403,
2138.169735283, 1.010120814,
2138.231031031, 1.009479490,
2138.251463048, 1.009995020,
2138.271894966, 1.009390604,
2138.292326783, 1.009474911,
2138.312758801, 1.009615110,
2138.333190720, 1.008939243,
2138.353622539, 1.009102037,
2138.374054558, 1.008491481,
2138.394486477, 1.008024815,
2138.414918397, 1.007621492,
2138.435350318, 1.007675833,
2138.455782239, 1.006769817,
2138.476214260, 1.006383724,
2138.496646081, 1.006106858,
2138.517078003, 1.005747629,
2138.537510025, 1.006040052,
2138.557941948, 1.005885500,
2138.578373770, 1.005123917,
2138.598805794, 1.004467376,
2138.619237617, 1.004924801,
2138.639669642, 1.003887770,
2138.660101566, 1.004153194,
2138.721397342, 1.003807814,
2138.741829168, 1.003485252,
2138.762261194, 1.002888466,
2138.782693121, 1.002789712,
